24922
3727
84595
39372
47896
84727
62081
80329
60797
64861
73505
72829
38097
18090
80656
8078
105331
36375
58564
62862
175790
34473
18919
77660
73196
33020
34664
50995
108812
35454
17029
10145
51082
2172
19370
78246
139085
62724
77895
32708
4939
80894
3282304
52186
54454
80111
84311
8575
3500361
20100
7923
77200
2514
17489
33862
48657
57923
175988
64494
7230
87562
61874
8278044
45768
51802
15200
4753
35635
25772
84879
42404
140154
26253
84636
77350
85791
168638
16892
16836
41699
65802
64179
38976
59504
51691
17890
42969
84034
78437
43447
17231
81750
72289
1000707
57561
20662
13194
58324
4583
72052
79203
72455
3417
20728
33078
13755
32659
71964
76629
79903
50876
495415
648538
44494
86419
81369
35941
17015
686685
4843429
82823
22516
12836
84482
42718
59704
31170
48008
81894
173
80853
43384
8145
58859
87828
42917
7362
13299
2883
72155
60753
3011
6319
29470
26040
22025
58806
1048725
79861
11463
27411
4181
45309
15549
66226
108016
9368
78953
8205
66459
13119
28952
67275
39027
66632
13365
8920
657
137990
9954
33002
66867
24570
4209
40407
33563
77014
86410
53477
81427
66196
6091
79937
19524
186774
2759452
33287
68436
24432
17618
420867
72927
30431
65157
1692088
64765
54283
35800
10198
19355
34335
37043
59234
58075
24613
40664
42794
25091
4684
1890
6065
73999
61513
2313
5354208
81833
2679798
42109
80492
12433
45676
80152
9844
33127
2047
11540
2145
149492
41023
45652
2799665
10631
984447
58865
85726
81489
77802
479264
355914
78851
46315
306281
20939
43865
77020
42729
1732902
76491
29517
1050073
17815
31344
1227940
17820
2911
54820
14637
84840
36742
22446
2620
48229
36134
48780
74635
69383
80546
31344
86927
66380
79249
34768
4329
68528
3780
37596
105040
75160
59848
10525
12389
8517
78869
1041115
45372
54066
50825
229496
2831367
41996
62865
80951
31076
12771
2295
20545
220808
21167
250356
36537
5598
10567
27411
46709
32878
1125
4218
2717957
46273
1692990
23140
34280
57115
69952
16420
77533
1457591
131533
37807
2767113
78173
174077
62791
86559
2796
1007060
81324
58483
39740
84282
14682
29223
30143
8983
81010
39152
2991929
84356
83960
109410
4095046
37317
982798
18856
402376
26875
42464
54721
74153
77703
19971
12677
400492
73169
2983869
2023161
20635
21671
78599
34787
62180
73807
75216
14001
70927
13338
17408
70992
7125
13354
64903
33462
1486592
29485
31284
31639
58116
2561790
60085
67107
62739
39683
87743
28923
11472
24565
73872
715
82259
1852091
56
6439
107310
30797
8374
1035102
86787
12151
33561
37549
65631
77863
23281
73405
2997
7836
22586
32196
38897
24645
83321
9979
17721
73793
59058
592602
132859
56310
81762
48459
23889
21905
59502
12261
18687
7762
57741
2787043
70599
10490
67894
59358
27440
76311
47282
35992
4939
33904
5506
57260
21113
17875
16888
13851
79970
66301
34899
60018
83415
52347
6947098
64609
49843
74337
65794
6798
24557
58756
30300
40271
49862
82241
152730
69751
59683
26413
76658
72650
156006
16881
30291
424627
71925
905255
55226
82964
72739
35875
1870
96188
22566
9202
3688
55542
44812
54612
39731
3096
47691
81733
6878142
52559
2936
49280
45921
32577
87045
55334
8424
16814
46661
64837
1228
26358
26620
62452
59010
46358
38964
85250
63462
37660
17112
68932
18087
54233
33091
75791
4839
1257
55953
3321
2796
53110
973166
11135
55820
45310
51637
415436
119277
107807
312
17043
64721
11129
68085
12404
43840
9191
69364
58771
60195
2695
68955
75615
131139
31438
1961668
12395
33196
22083
75738
55889
70249
37030
85300
70986
19863
53560
35003
55134
16600
43554
58732
40868
407
29718
28106
288561
10843
7405
147720
25254
57761
80399
29691
16827
48458
45822
36048
30955
59966
51770
64347
35089
70976
4950335
84797
60343
64961
46411
35347
37837
44668
4559
1088
75550
48828
2491169
22232
72760
1023421
41004
57403
28304
5847951
29546
11892
19515
400191
65859
75460
22190
2655116
11474
14726
4738
52218
23753
49098
8129
33184
53311
10754
34006
26467
85158
75948
67165
82548
79485
82714
31518
203834
49260
55841
46481
58157
60050
46720
248597
86965
13892
41333
46281
37456
18949
17941
8305034
37270
57915
64326
18437
10174
66329
10762
73394
64929
73655
55202
37681
24672
214825
1286
41799
18606
39302
33916
25299
45988
39829
6174
18417
66982
85730
30233
38268
75947
131839
85625
11306
63008
66675
11956
5371
22150
59766
1340131
20647
68675
2579745
993331
1409882
85024
80450
245602
34157
6857
5269
33104
14230
67864
76356
40169
35237
338771
72798
52308
77265
46413
15446
63996
82030
26180
13845
23303
43002
52617
68966
7077
32629
9835
29084
31041
5533
13352
15933
29294
3068048
30181
112198
87299
25243
6951
60294
339
40332
55670
57957
6150
38240
47162
46927
72018
83759
51389
41988
2776
63121
69416
893637
27331
79616
78587
105610
7382
1804
70953
26682
34918
5586556
49022
58536
34934
1136
40154
81716
5088
21918
3517
2612747
28052
170053
47083
14480
60126
70574
67564
35724
50736
36648
61579
79117
25717
52036
76372
49389
85132
59145
20618
1023964
42161
41534
23267
19429
24263
48288
41112
48460
358227
118236
616018
6424
82694
21104
36771
50455
47950
85282
3049381
73459
3795
987327
6144
81578
10861
85063
15736
43275
61825
10172
70006
38643
14381
31033
44265
83697
10202
49261
41254
41928
131485
44704
86548
68474
77652
8291391
56116
23378
20940
54938
73927
19181
85761
32536
96234
38187
51692
319
45208
57078
49640
76700
45832
66768
749
39419
408700
1626
43577
38510
42540
564090
82095
45891
24874
75253
55363
13274
46280
14275
72192
20609
3226622
2841008
58621
8750772
48764
3187688
34992
535
14672
7846
236665
23404
1627
81074
56354
71331
59976
48008
29643
1763
10797
50977
14646
39668
44271
32555
58569
50792
2986421
11369
34716
21851
13657
60497
22883
86685
73436
19721
40025
16021
87042
5144
11704
83970
29718
81497
76507
10611
5873071
1023450
53306
13810
10680
62145
40049
207508
7911
28351
47031
51748
71722
87793
16306
52251
8307314
32717
11980
102
66066
35391
57645
55463
77547
41050
57518
70938
14948
29757
58484
78206
50193
19575
43046
15286
716
145065
83910
86064
82298
59340
47773
20971
78479
1001572
60195
40555
49815
71756
61771
2973
25431
17925
43571
81158
12645
2267
78347
77010
4518
50781
79433
24262
62224
60348
70308
70211
11662
70413
49295
5924803
33113
2980652
7463
64804
1142
68585
242095
1979
76293
9795
56735
84783
77924
51983
63672
34844
2056
393788
36265
75586
2740773
14732
83930
34959
70708
1815133
288699
74458
58678
70347
58440
40493
70127
26477
55466
314436
73280
26514
80050
15990
44716
74810
569905
73665
71605
86161
64851
26360
37711
137430
142868
74869
56116
11092
64031
24544
85894
66976
51568
82363
17865
68797
32649
21229
1683116
364422
53409
77314
385661
15128
87819
5948
57878
4094
87038
1866970
86936
33724
15156
2560466
57942
28262
23564
23550
99762
4868712
59289
51098
84361
8662
79070
51695
80837
29498
76835
30272
72307
2637234
75034
63272
18261
19296
78645
74966
27091
229047
31796
27949
59985
63878
148442
4937
13355
2521
20550
83176
466190
81615
4217
3657146
66064
83239
375684
62314
77260
71681
54577
71799
71055
75639
86038
22683
15991
16786
66227
58465
3271193
438746
15552
1682991
17874
46825
41136
572429
18714
27518
3035004
24451
25841
50935
456914
41540
14178
5667
79129
45898
17534
53114
49989
61706
47239
74981
72534
1279
1032599
52262
77099
38027
352957
28531
5922
43968
20744
62713
20055
2820104
55045
4748
36725
53719
56469
76458
78151
368788
461028
66589
10006
50622
4407
11282
86203
25107
12043
47987
323
74250
50264
3413978
64017
52667
1239120
55118
5348
84358
44975
18887
71139
44307
15213
86882
3714
56875
71169
35554
74215
9019
12586
368391
31761
45726
59894
89702
68883
61118
13141
80185
43242
74758
1775700
64579
78756
20119
55797
34270
64247
16967
137495
4048595
173158
86918
14579
53978
381893
38356
65453
20736
59421
52285
20353
56536
46474
39323
26615
69122
60411
65294
9326
1754033
76810
32652
49571
6195
202839
82808
5316009
740
67092
55251
58691
1044
44506
1269
83229
21262
60405
32381
1225129
71881
75608
16542
28538
24560
58541
36404
979226
17114
76543
82761
78040
30757
58272
53953
56057
5943008
74501
221914
11333
357
91754
72712
54602
49448
22799
1294804
2750
85369
20858
41054
31825
7476
71546
72304
28228
2888
66937
25030
80515
79319
22669
50460
70644
50492
24021
54156
29231
40310
43156
50958
1002816
70073
919733
38868
61442
29812
18305
46759
55837
40187
48126
66968
87611
1365503
74605
82313
121524
14799
7672
8748667
15211
56855
50378
61411
78563
24380
12874
120274
27237
35648
501900
60924
28238
77407
12110
65600
4080
18589
18690
763
83461
995335
9031
85443
72172
46365
5808
81599
14578
64731
30867
58303
31350
17467
20986
5127
10746
51391
50434
59120
40025
45645
45989
519707
65969
8559
81641
78999
15102
67923
18221
15451
68405
43025
82334
66119
12427
50112
74429
40674
3180
24855
20861
7607
45479
57552
26839
21576
85110
1968199
17798
19933
27574
41169
77320
3134
36745
8180
72144
36636
45451
73347
79415
26624
80095
47731
34876
67103
61750
55368
60664
9064
40486
2881
257832
57448
51697
157383
25292
11236
60520
86069
162964
67148
366
129035
58209
39155
10851
24511
75656
53891
87182
6525552
54947
30717
2258
110979
6619
61087
83722
2053224
37221
78369
8658
25946
19810
58232
42243
46744
75827
35753
75572
64563
27231
2803
65713
32722
42251
36939
4171
59497
1441401
75825
70407
76034
43243
34420
55491
465962
71313
514462
87676
67137
64358
51130
55072
30771
1047501
27794
57866
237607
60910
84869
84741
12778
85191
77377
54652
62878
74122
11882
86626
74105
68824
56720
69152
52574
73461
51429
144191
50389
62598
51144
2578978
49716
67113
78971
36490
8354285
71337
79696
25433
36739
11776
5172
5367137
81072
37896
990126
12755
71972
88269
75305
1054
57059
72348
57521
68359
14090
83789
29605
53788
49372
2627598
60269
928
80937
46481
2847145
73921
84650
51376
227017
57138
75144
14715
706447
27770
72372
8244
83166
54700
4337
69654
12033
153852
56407
50595
4943190
1865
17645
26030
19038
27850
87536
1997143
58443
2626497
14680
19062
69151
1053189
8631
39920
81472
60902
83741
59221
57392
19420
51345
6235
14186
48147
2877894
40687
55981
1961811
49860
33407
19022
42949
11479
32791
79666
11353
5948
10651
86374
19106
6552479
85623
6595817
80528
65024
78805
264193
76326
36445
25626
70590
1055893
3201
44206
15710
45648
65794
54052
72692
17606
25184
25344
67069
9320
70883
50938
38982
97358
82608
181093
6920031
87683
83689
75086
82989
23280
60769
71503
48228
51296
33723
3216
43804
1679115
5403
95254
7291
86234
2454
27183
59705
82440
71691
37385
158301
59190
5874251
10072
79128
2171
55116
10671
82211
54431
62940
113433
82399
19656
14277
3643
65559
47002
3087
79476
74314
24262
11396
3024
34416
24643
22268
151
72592
4219
68767
16384
26530
1740623
61956
3806
63342
371648
70979
131159
28343
19339
9519
47026
151975
5711
176781
69832
81600
53493
55244
41922
76655
361450
14086
71245
15286
17209
41281
80208
16835
374393
72718
84907
25646
1006236
28610
18258
2781
59539
76248
87030
31755
3493
33600
31723
69236
86523
44354
33568
51801
155969
31936
19787
30397
33553
6804
11130
21009
20285
60470
56318
55750
1020085
82881
84454
62095
52153
13047
126290
26742
44235
29988
123081
506851
116156
4233
7332
71802
48691
57657
75995
68900
1154018
81052
30020
82743
160617
73882
28905
63950
72906
15255
50510
70662
61414
53151
50263
65328
6486
48326
6918
81023
48198
44309
63963
94308
85743
1363454
2957395
274524
83110
4877922
37211
50270
172711
16285
82132
2967
102806
6779
65493
26894
67598
22275
66488
4235
23224
82252
46286
56132
69930
43592
43981
56873
85514
13928
17165
17898
37637
75633
18157
68267
444967
119321
13721
3528
15749
12549
436995
2056
55705
1973624
28897
75083
54326
19597
17470
26836
34687
16399
23223
47348
61250
29194
506148
26786
26114
23983
47059
37928
84908
52315
35655
66765
2043079
4459
45535
87787
80304
17380
51865
74718
84140
21594
2999507
32910
12991
83701
86035
38289
4924
34773
40437
49605
38907
84245
56113
8761
72194
69197
17525
751
135927
14287
28745
30389
44811
62489
2558414
41264
54842
1100
18062
65412
6428
35348
18947
25375
28210
81393
26496
81325
54944
82262
47300
45946
75647
10060
82164
18569
64468
6233
61908
6757
66299
73922
38564
84557
87902
22867
64607
7583
47929
62392
83163
3516
136399
62649
1703
18162
64077
41848
64174
145317
10096
59116
74190
51358
158488
426804
69147
60075
28177
80088
33179
4944
53039
19857
970781
72925
44869
48113
15371
48608
66318
27586
35722
76849
39237
70548
7585
27421
508384
41305
83176
41347
65377
46378
29996
160144
53111
39472
3342194
75504
155493
50995
6705
22073
76123
76715
4062832
297
1306
54518
15913
67227
51449
70300
17523
14726
27841
34266
65136
25194
63489
41491
47784
30181
1674
49185
27838
29986
28385
86189
22409
38618
19118
29815
57800
1029521
13502
80649
64434
31901
9215
133202
26497
5292218
22489
42950
194851
14004
69631
49127
249749
2697
37995
1420
38829
22286
62679
3209
29612
73112
60173
22697
7309
83821
21714
32800
16150
27269
5463
47140
2216
35853
76115
70851
71924
76906
43872
68711
80451
71958
3025
4144
61294
4736
41757
6568
86738
17278
14790
48683
14668
13020
3895025
56332
26905
524824
49530
41731
23474
87309
8314
59015
55605
16846
56917
21337
60273
47131
17040
6541
45903
15083
49642
2687
33290
161709
1227365
57200
51649
9579
62826
67166
51741
66792
14559
85002
2203
65127
68613
22494
54306
49636
39397
1046
6892873
1908021
8092
12723
37338
65987
17310
71777
5641
35596
36494
81622
15936
72946
58300
81130
59857
42423
2911190
31146
52836
29280
125262
1821
67604
72634
10725
9594
3689
6622
9407
57527
66672
31574
18516
59071
69077
83878
56461
50676
50722
32543
517525
56703
253812
37320
13689
57982
25706
81596
44663
32857
19423
65268
79838
81789
7953
74665
144187
8978
44497
3035352
54738
74939
41864
11779
2937003
44453
27771
7966
75627
46523
32882
3686
8247232
87197
42133
13128
17120
59448
73904
10987
4128
66820
315124
67589
3539
75130
38382
8715
71982
73790
7196
28197
62482
76528
22880
73234
18389
58960
177597
730
76877
1243115
70054
32192
9090
48135
21021
59120
38700
66095
2891
69040
78714
33169
58367
45355
11553
82773
24684
64667
61980
72363
5787
2920951
46799
345108
932767
59617
58723
24139
8916
32086
83180
75299
86867
13022
35290
9688
79065
62207
39879
78829
32456
111922
81509
43247
63148
23690
9566
33536
85338
42117
2932
4107
63746
54480
45698
47822
17413
85306
67342
69768
57470
65484
12441
73508
5003
2522550
17396
62354
59860
53697
1683
331
40927
19447
25545
67688
79752
87058
35132
11705
491064
22079
42375
59137
66475
753632
9836
61592
12663
8897
73657
31747
6645
51110
44140
38389
109082
6575
33399
53942
53956
1163
49429
2734622
50556
58743
3208
32329
5557
79739
23308
7125
52174
46430
41073
227339
81487
915
38643
27045
24920
39720
23160
1441
11116
68872
13397
61127
45243
9231
4241
180302
2386
25305
56674
65170
6155
8688
22786
1820
80253
15052
430976
3425672
73
48301
396459
55863
95530
61145
78436
65240
8484
69738
78172
47128
69190
21711
18758
47313
196895
2528
33742
72045
7944
82513
22196
134735
68867
46209
81366
1655031
15268
57758
53413
71608
59414
52875
11671
27551
16590
18930
3655028
5602
21116
52608
32615
7031
60905
24216
59879
518529
30888
50497
17759
2365
47829
62731
68963
52313
75335
7651
34947
49401
34764
30296
73271
26483
41735
231422
159315
85908
67041
6184
62747
39020
86476
46088
57856
28753
44945
216803
30511
41541
48928
4409
53139
46650
34019
78005
80663
53639
74849
476351
72716
80228
60860
10410
10775
72376
15275
29547
72403
78449
23350
42873
86584
210566
307389
37127
165443
86553
9519
74600
86019
30741
81207
2038
25389
39926
131297
33293
84567
416990
82790
70379
76127
38437
190627
54947
69445
71409
29170
179107
38726
9072
79080
70467
11339
23255
2530967
86106
44968
9606
41213
20469
80556
54595
8720104
5056
3339204
19854
72610
83027
54358
56264
69879
4000
26219
78985
51560
1294416
1768958
50603
20082
24838
20032
62808
33157
45727
71444
27474
38818
19547
75379
2137
46962
2082
1044294
20995
52195
75841
21790
99267
8254
75132
17736
502332
23523
59948
1202
10230
22454
75012
84374
33113
26298
63680
60261
2609680
65887
14551
3939
42442
54358
86045
14684
78654
2748073
49
412367
52046
12185
74500
119042
53368
47687
72412
78962
55397
64353
42760
1294092
27806
47224
71311
5118
188155
67681
56939
6327
52315
78708
59687
158877
7822
47528
73921
18076
69107
52690
49730
57616
76355
34930
71168
21658
13770
734
80714
5110
60580
46118
81037
77763
54642
18664
70908
72566
69638
523
12945
29400
30719
20683
67628
25754
15796
22914
87151
23051
84034
35164
29098
3904993
11419
22157
35579
79526
441610
38552
27600
16429
32696
78254
37384
16884
42383
215085
54183
50284
28010
22033
44350
68938
11491
2915356
39618
83531
84450
19221
35545
55263
62408
151119
118137
64964
39763
26758
512972
19853
20959
9393
27651
8410
52872
81811
56042
66449
48967
69988
56210
41579
34988
107526
67237
20479
129142
56550
21058
2379
83254
429
51561
6847
76958
91702
65911
51215
42489
93597
68883
44703
55176
71455
39402
41410
137881
6933
18227
45275
39393
68821
21461
72836
7664
75166
81944
46071
29070
667846
70040
77423
49403
1565
10688
61061
3033
81815
54609
6862
15131
22786
13948
600411
54233
22908
68964
61993
55625
30595
8784
10362
470
34588
19443
50080
47900
51327
58247
81525
28377
41702
5262
10551
72649
65166
6092
73817
71246
14337
52992
35755
57384
2132113
67512
2358
84712
72843
1671
22609
21268
12486
36426
56548
39608
430606
43356
321860
12352
122451
462350
191262
35685
64633
76029
73929
17399
39390
466536
56709
83082
47873
20010
4937
82821
249634
26880
5968981
858
32007
13715
52495
63959
187787
55093
54521
29148
50261
40156
51731
57608
164328
66018
79399
35314
62356
5866
13670
1719
55870
74843
2176
16218
22699
2313
38753
4950411
11081
1743281
95463
69270
44950
1512
2582604
47734
41800
6071850
73883
53691
76059
78063
43074
80237
37442
16340
64730
54171
68673
49300
87604
7334
85225
4248
23603
53719
68681
8844
8260
58322
50825
82043
166892
440239
13904
104412
6871309
8177
42066
41603
71093
85029
23826
146887
64118
67028
6389
73969
1360351
24651
3360283
63410
73872
634692
3484976
2999137
1859
68963
80254
22779
6886
496518
16299
3315
42218
21051
46632
7084
22474
45118
28224
6720
50196
5831533
52074
3927924
28646
48665
7834
57017
77817
3222778
2660
4528
76853
45419
79570
40782
79412
557
1697463
59682
69845
70405
49639
4923
33922
38032
2872176
178317
76670
1278828
49630
12095
16378
71834
87647
5965
314478
65207
14298
185944
82703
29442
1415
64661
42452
62149
8261228
65180
13298
3037401
24212
17737
85048
58595
55537
68563
30649
312050
42205
56885
82519
21793
10477
12980
80057
68786
85379
69428
17488
63254
68790
68191
5984893
49628
71225
34117
2468
82411
73671
37141
72438
3073
19214
67829
47404
30465
12718
234176
23106
1043348
11525
38664
1711508
6522
4947576
21622
58955
31190
18790
86717
33073
28834
56948
72997
37454
78733
61332
20016
16377
75382
87994
44487
139409
62223
80300
12918
3204
296419
49780
73102
83196
1911566
72026
4857
43083
5496
36053
86916
86850
2840310
34142
50534
31517
41848
49230
41621
13985
125
29677
67017
28014
7919
32776
36480
526507
22511
134655
72918
72480
33925
35536
65024
65226
1306943
40107
74445
896145
18098
1034349
71654
48334
54353
3508487
72286
39905
65179
18650
15635
81743
61047
470187
44354
84251
35191
83040
42828
53435
83955
4164
10873
10441
54408
21299
1418
63524
387923
74287
3398
66276
38979
64667
44367
42798
32162
75819
28183
5581166
43704
31639
463246
52156
19837
15243
12646
156966
4848074
163823
20933
81130
27767
4127011
55096
19950
2037449
49944
1507905
21184
56367
41449
18395
10892
10793
10009
7192
55683
1912
609405
74430
2476218
24914
11508
61982
58482
11015
70998
44525
20774
17181
30439
30448
69644
38068
1737
79535
384640
21586
56624
23607
39605
85344
47152
21254
79088
9042
71478
2166
38739
6578
10177
72476
5343
81943
43603
67521
55036
73760
13570
2825
31991
37936
50869
33269
3625
14677
12280
7535
59698
15508
37122
18701
200095
128693
162230
16945
19020
67160
6725
52394
36790
63067
48859
54297
32201
1956213
5098
83995
29553
44602
63180
5108
53571
61332
81924
292338
48471
44395
47512
28135
8016
54149
74819
7438
54157
76109
50352
22477
82702
54338
33434
69096
5633
6264
69617
11556
40733
130177
3551
39839
6399
7148
20095
129265
52096
48859
2551345
21378
40596
73915
84212
55322
50751
38891
46007
27263
15322
60160
46778
51913
31584
641015
19514
55383
42046
47535
2611661
33413
81062
8673
251427
17421
73476
475393
106813
66248
53460
65083
78410
82450
7587
3021
12508
77113
1925380
2453
49660
399338
24966
120706
45083
16688
384177
56436
78999
54220
13505
11736
16579
70753
35848
12936
12823
26750
26675
28831
44513
31779
63208
62276
35631
35266
44990
60158
49604
72430
49952
1328635
22313
80059
17428
68996
12831
9831
63027
57478
58626
1401102
46392
44159
61630
936810
103538
164750
70116
63927
79190
63331
70152
325565
68128
6034161
2617031
38703
17641
56452
21915
3341
53572
12686
17434
35574
73934
11779
70599
38794
55832
6541028
82668
55477
32987
87737
1680596
52957
40175
83663
69117
77400
52739
48868
57894
39822
70854
8525
1803115
87911
59021
86887
3463
82558
130367
17213
67431
6016
207209
84160
30211
34280
67317
25096
24049
18798
91254
58007
70279
43916
51536
151592
66676
134536
81230
2378
17651
2547816
23444
53245
86515
31568
75843
6787
51102
41104
199656
26544
52385
45058
59713
3363018
454438
36717
5964
21563
32701
32231
86721
25854
251401
26200
44987
54973
178014
69741
3656
50773
2136
68833
18367
4181
35685
22905
14862
2150212
73432
83790
4882
79503
12518
83331
44614
24337
41363
62380
118411
21054
74732
6029567
42171
1655
30565
1549
59270
34625
28566
27141
40563
18445
12567
50818
13375
193551
3291096
64172
42740
1716163
56341
83363
71128
55910
77636
545110
599428
54415
22423
61730
73546
51893
58447
67363
21871
53088
1391753
456456
21818
15104
445884
44085
82983
16719
70813
78201
66297
68317
78728
66517
39137
68474
55649
25636
45579
35940
64257
72245
85841
46944
43715
52189
54562
14182
9902
85420
20732
66853
579815
21855
51238
5460
85870
26659
83736
80725
38151
11358
10938
73782
24222
60904
79413
2818
43739
54642
48651
49190
46857
83698
34483
30158
85539
2129349
23649
48194
86177
43928
20345
15725
125874
4746
78275
76399
39585
26288
32298
68970
1187955
195773
63893
29070
34265
44909
16200
5616838
21798
3196
33941
59985
52453
62329
38900
38858
11653
9429
32454
71348
78959
39720
597217
39374
47909
59904
5324079
38154
39595
49195
15482
8347641
2083
162
13738
65986
7521
52986
23481
61441
32930
66513
68021
114087
83830
70208
54650
58965
19645
46956
57435
3088
72528
14630
42118
2743321
251588
327351
60194
342701
80200
26902
50554
35892
24004
4151
21845
50784
39342
3850
25363
2788130
10205
48440
43480
4613
82638
49935
33468
62059
72652
9153
62555
43740
55053
11855
137794
87414
18749
42596
32888
49161
84237
5787
42933
12162
7825
8753
26344
995597
3238
19385
70406
68882
16934
19400
11067
413863
18740
45139
11997
68891
31475
4983672
3035375
27478
50144
40118
41614
35100
45027
429036
61734
50347
78487
174769
23471
68167
76319
5977582
61114
74426
56655
56957
19353
26878
28806
442723
14580
65134
46162
44469
49471
62556
84645
37939
38630
12876
541692
85376
71772
25693
13669
50856
31574
25647
75874
2834
70877
89235
7815
48382
66041
59101
76371
19113
39867
68601
35405
79021
6453
39559
75783
43073
1649
19184
42432
11237
83582
71937
64416
23317
64935
27672
366280
50432
31419
9028
21760
56332
917355
16327
34099
54721
29861
31188
14405
63069
366066
62663
62518
46810
62055
26320
60649
44394
55312
47086
396711
88238
11025
1140
13423
1018605
82284
37424
22456
9405
80076
999062
43136
50228
9073
3953153
3937418
20111
87539
5001556
13020
74796
43600
10950
10641
5903
46930
4908
10163
47430
57542
3142
21020
50447
53791
14124
76767
55201
58246
129063
13583
60875
40902
51268
1011025
51565
8467
28069
74768
72851
69857
71697
7038
356106
2634
9451
44957
62040
5885738
64456
72357
21039
6318
35980
57413
1631595
303306
38211
41952
39620
30634
35511
42432
71547
24407
19440
12303
40032
84375
22685
53539
37409
370375
12735
72614
68415
40601
6556860
87462
17040
14253
84006
65465
81016
83588
45757
67945
69789
20738
523710
49806
233412
16654
156082
42703
47822
9905
43335
58948
2211
24170
53807
24730
56047
69595
62812
15513
974037
50624
9037
70043
50641
7298
83537
15699
10760
845420
128723
41970
72375
40181
28459
50682
38642
262565
523362
10343
40782
79305
48021
340
5970466
37420
50172
1344
53674
49535
27828
69146
11089
80631
55881
58056
35553
17307
13016
21685
17774
70582
1876
618
68161
38764
57064
59872
254703
76165
16488
462200
80216
64081
1248
2576
77562
4978
72195
28330
21152
80513
20969
52608
56717
23344
17559
69630
1993
63383
63278
3441
18543
16145
54222
30583
58969
93791
73086
16746
31928
3618908
115206
9492
808
75847
16515
78929
56667
43923
1174
69720
78460
167720
72880
75549
85593
147805
142619
50863
8212833
80601
61576
22750
55724
87278
52574
34629
69220
79543
28860
466809
28285
48967
125681
51503
17664
3891807
2575981
17227
21316
12872
87430
8577
70666
6245
3664869
5478
58474
28672
3173
314490
36177
6548506
301638
52648
75595
7765
173061
108272
76226
42990
60017
30049
30287
8505
81853
66809
66163
63903
46452
68697
57937
18720
33375
4064
19359
5562
116348
68760
28263
80457
44106
33235
45977
72191
69729
80117
18624
81558
9324
57190
49696
85092
81222
2428
18919
72640
18318
1509525
373842
46636
22181
21649
30517
51115
8972
19200
24687
96464
476705
38528
15170
40974
81176
50188
27214
72193
9639
20129
82891
7306
22668
1470
22534
49162
61667
778225
2940770
85508
76209
15649
68539
51037
37101
73447
443978
40398
17544
38686
74578
6969
70560
44756
77183
114624
195098
69263
85817
534
67674
10252
15327
27811
6140
53879
2928
280300
52258
36692
48330
5954
60680
19176
79354
65069
33302
72968
78309
13059
72314
33967
149167
4926524
100622
51896
37628
33348
292773
8925
11335
81717
2179
23876
35338
66729
84012
63250
48906
39184
85442
23583
26016
100483
62730
82063
80669
13162
35744
49686
55934
16727
3929
72562
69586
15349
13906
51326
28089
86371
78269
33100
549813
39976
70622
72111
56738
26552
65511
66971
152812
280224
77195
3351081
84616
13314
63215
67740
4080230
13133
23148
1046335
72258
146473
30809
23817
93077
5604841
66469
73555
46054
67819
3038
86221
12126
15686
46412
74575
49092
82756
39643
45479
82831
51096
75144
57711
972329
22817
155653
38460
47987
77517
50072
38358
69100
65653
59658
40025
327
19506
6044181
44699
64232
46299
82626
36195
10228
76520
17674
1534419
77520
2961441
46140
57359
19041
79997
55941
90696
55368
9115
60882
67431
84077
63578
48138
766198
7882
68608
48154
61742
76568
67777
34882
47153
82710
86782
837004
22619
10877
8193
42664
33057
1702451
84153
74940
6311
66171
27151
36284
6884
43911
45920
5021
12368
31498
58568
15686
17510
62219
64277
65806
49000
72755
3211838
25249
54975
13926
39099
1453
63741
58676
27674
74976
49883
81689
83606
506538
60854
41861
87106
76466
24647
82264
15780
5132
561730
35265
1042573
53663
8762501
43678
79226
6885798
17028
24402
77522
416912
11983
85013
10443
47646
60127
21022
71107
216194
75071
45436
156091
33720
2118
43711
11271
56031
34163
47725
62487
30287
53848
4456
84228
81272
24938
64244
34498
35278
11437
55177
1184430
33678
79176
2828855
23162
5902443
15073
9709
579905
19444
49119
3515591
13543
1670
269061
45601
85452
35784
28321
2090
25719
6737
16630
85517
77012
27321
41599
23125
60951
10748
9153
86581
20519
1268
61205
54243
70606
491129
29941
24240
30988
5210
2020677
39194
57757
42824
432399
1045568
38341
77769
2204
82398
14802
86387
45505
86620
74536
264272
20942
906
251645
1458247
34937
162290
36274
79860
12386
47894
87419
71979
60916
37448
1362
42109
29984
2795014
86394
24489
4122375
7022
28350
91279
61448
31046
50354
75560
59764
85024
9324
28403
57500
57456
60948
36656
54168
1739747
49406
50637
54210
76169
30303
57186
1668
55836
245776
20963
53893
25791
187812
85167
4059756
52495
65426
7080
10109
1550807
73203
22585
64135
75236
83023
549129
60345
23528
73824
31812
79322
8230
137632
33648
27852
848791
71801
2694342
5562
83767
2349
1008612
21880
19544
11602
18535
6562
43166
83426
7377
26523
65897
65724
29723
2578
11901
56357
79738
49707
410279
61352
74533
48429
13895
82833
51488
16195
61755
22828
75070
66262
24214
28900
87420
3459403
79266
40299
72517
5273
50176
81644
50837
5691
798704
56343
17477
70924
85873
17200
65494
66549
2958980
58780
18410
75284
25763
52208
26119
73722
21228
51341
1889
7440
58915
54196
20085
66527
76162
77621
26449
29437
67941
32641
72348
81522
55830
25314
5939
39156
141453
5793
160129
68694
57052
18093
48699
32586
53663
78071
28870
65648
30978
154661
4735
2592
70108
224280
39235
20660
40442
85805
38654
11859
45867
71456
52039
33913
11733
75658
85890
354220
75199
64183
37339
30045
1123
111952
79922
56039
142694
6050
3338728
13312
68140
76568
29468
86377
261
31095
7545
45698
44439
21395
80209
65368
39438
33233
19008
51611
49567
773
52757
32072
66964
37708
5388
8180
34784
10035
34942
23486
52396
12852
12278
59700
16801
20261
22513
37790
70057
5677
83329
26349
74269
25329
83198
80811
5347
35665
31387
13320
4914
3966
86919
32512
52271
5336
82858
1038777
136874
179898
62551
5720
21750
25542
54761
57249
1748
122326
60780
54438
54185
193719
29832
59829
68619
1849
479205
9790
1390717
718069
228249
46520
43059
25941
43506
150600
5709
73794
44657
73533
206663
610672
29596
32149
69049
22447
17412
28856
15114
57209
30498
61823
27759
38541
70181
13724
62170
77457
2071948
66614
46968
49525
2947305
22698
71970
47548
71768
49126
44355
43978
151538
24738
58076
115480
30800
67314
57511
86773
39191
2868
6245
24001
54742
18118
75715
32753
5360
22577
61233
363
49594
167916
82413
5765
57166
61174
46911
29375
79701
450336
67575
51051
39104
68794
55740
44379
70866
51584
87932
61163
42617
60982
9515
81508
40249
38655
66801
44975
56036
74779
77296
80347
10473
15862
85221
14628
85213
50865
10246
62207
23058
50098
29666
86788
75702
19310
38321
118154
81980
60257
12284
68568
6470
100197
72474
18807
32304
55162
35145
13074
53332
32876
51570
17710
78540
71296
217002
3615881
69667
1009772
79227
25658
63620
23487
19118
6912
67098
42320
23185
44503
85992
63999
64887
6171
546044
45003
51493
57794
9452
251397
33762
18365
28707
60142
16442
13231
81130
54538
76256
59333
71751
838684
87289
490305
832
2698578
70761
80597
20819
78615
6079
55549
21778
52772
86813
85963
32396
41616
60745
17096
3993
70472
10528
37584
12712
76584
63434
79649
42549
64933
5478
47771
73159
421691
33084
2907918
70148
60987
72769
24824
43653
26654
57256
443085
14387
17376
85561
43234
53626
57347
80513
85921
39402
73937
1395428
48127
16581
2734728
34362
51159
57209
66561
11910
6347
42458
1322819
28242
40
459752
21184
39833
83858
26882
34353
27775
2962466
57488
72658
84352
1022348
58760
57255
70542
8307155
105832
65623
41617
52333
5857
11960
63713
29394
60366
27881
12455
14035
47269
11526
35077
79759
50290
25751
55879
86063
45600
261056
46886
2596595
8943
48802
1724702
42857
33550
84330
11545
10575
19322
1111
23936
200568
26104
72183
77314
61459
23919
65114
73179
64518
6232
8526
43268
87582
78972
55796
64868
12548
21829
8378
74431
32546
8988
73530
74650
26185
23691
65114
1024905
16309
60784
181865
168519
36214
57328
49931
53979
506
45805
41553
64945
22879
59048
168955
60375
36116
139592
51745
27016
21525
55730
56935
146827
1323
8194662
1576
79005
68880
3373
85942
34388
43401
40988
129452
57581
413252
2810204
22818
70207
51651
10384
84311
35942
55186
73054
25386
433987
33273
5779
69141
4348
966713
83750
35689
31201
39790
34465
19586
72163
119118
1170
79547
221380
14787
47572
168431
66472
957
19630
56966
77442
50882
1005471
20649
32909
222177
208396
19720
59160
67666
3142
50673
51109
79273
82497
84893
85319
42207
4951
48266
105505
64454
6509
82208
63696
175148
2545
40457
74930
3371834
3834
44261
19426
32496
352858
73311
81897
50964
57573
2923940
63181
85345
354127
33032
33994
6534
842
86978
20038
65389
62507
54254
1050
77411
7200
79689
27999
58731
87079
67207
64931
12988
58245
3467935
34129
4150
78746
17451
22937
4460
39656
115515
83314
7497
67591
17560
26754
527388
60078
18052
14613
19553
1180
745165
50875
32244
27224
14221
140057
3009112
8999
82408
66898
42830
5180
61086
64768
7327
69046
59207
7170
2019998
48262
10502
31391
32321
54811
36541
57121
73312
70806
57126
41050
38301
54208
155718
21471
10797
21138
30849
190700
63316
4123557
76496
76510
78903
79143
21666
53890
57534
20271
52062
60966
56645
86001
8052
72517
2503
66457
64851
74802
86071
29868
66790
74828
5793
25370
177059
16837
7518
71900
11744
61518
57316
13287
7902
9898
19024
66823
86921
112162
207265
34471
47692
158740
9924
17942
22536
45239
55646
25699
31318
64756
62878
67262
82888
67435
17848
11613
55455
39227
11188
50082
85931
533617
76480
54573
57477
47469
33750
74875
74266
14720
2000255
1478840
395894
80237
63201
85904
181241
19739
47563
96671
4097
73482
61287
77164
68076
20086
22381
81606
7302
61418
34979
6104
41745
21575
20673
12057
47744
505172
19370
71010
11715
39932
1531430
9952
82954
13416
69521
71642
19750
22076
35828
80025
17067
80065
72203
69624
65679
82736
68858
45075
21313
52553
1372638
46123
47687
6761
47122
36294
2847805
274568
45959
75370
5760
19633
55098
37230
50493
25831
983564
18256
66862
1001743
35289
194694
1339014
67788
28322
87285
40621
37131
9702
60602
22141
14095
73881
48643
1175
357757
48972
64879
51430
46616
14370
56743
13014
416953
64772
58641
78624
52852
996645
223349
43938
47493
277070
86634
9088
3076338
26955
38646
37725
4830
4612
61045
2958823
1657141
75819
44079
71909
7084
83212
3412673
47792
575402
71325
34087
37086
59425
53673
1004004
2242
55420
1459695
15382
17811
29705
58363
26958
4352
83986
3479256
9083
65679
2560498
2166749
7818
51381
55402
52320
64485
1436
41578
58274
62225
21325
49165
84467
69709
32598
39092
1713
65790
11459
72009
39248
55403
35878
67861
66750
50046
52364
43940
18336
2931827
86607
60366
8724
26284
41074
61695
542474
1865
32323
47777
24758
438465
52969
27538
8740
12872
69743
62522
46803
27844
73179
13775
43328
565265
57
2827939
10578
21707
880046
30151
12449
19187
75534
160961
82036
19405
64156
38690
6423
76481
2763
36111
19108
66533
34442
58624
67599
26998
28033
432576
18466
13623
36084
35694
2173
63129
14423
58951
2075825
34901
71341
27914
25166
11588
56739
6702
194222
14691
75696
3544
86988
16512
27208
150574
33940
20875
53309
71408
208897
83610
31965
34542
51945
50149
68793
1035947
66548
8508
44818
7909
76573
41371
59970
64135
60212
10244
24406
51464
40910
10959
46525
4379
1173970
51660
7764
40462
77425
77861
83847
27507
19433
11827
74672
78106
10346
5300159
53475
32326
67581
68399
86087
57347
81301
435412
45857
43514
20302
1640356
11688
212854
47934
14081
78826
74877
84749
84417
40429
1361
64178
105135
84279
84494
56335
59165
27136
83561
66288
3952186
61490
8218722
51589
51992
10770
84843
34138
37878
15568
40145
93683
34772
80393
75436
2043152
55247
72416
15915
20348
51790
79336
29957
21796
9625
40477
67435
44373
68334
32496
11295
62918
8322
35813
10190
45764
50079
40229
26755
37205
42244
17849
986858
24184
75214
47781
59247
18678
6708
86466
948
68580
84692
34711
73045
58735
16968
59956
1405
79082
1028185
4128439
62164
42316
47098
43478
53913
36349
41416
2266
86956
58914
86062
300248
522553
74710
6875
64691
62061
66719
591164
12229
46474
341737
8186599
50468
48440
62513
42000
1954012
66978
66829
31222
37641
79897
407171
17400
59816
72528
56902
2816
12024
28213
32000
55530
130674
16761
44180
1685078
47335
8797747
7740
24302
38900
145164
2859465
74279
72182
54639
29894
297377
43834
62536
50193
7243
70687
1715
71618
985684
28021
7730
58438
3209268
6118
49198
1716381
84469
20711
6047595
22192
67800
60447
122965
84369
636
1761
56434
1644109
1218
22119
71212
25629
56447
44101
35865
24252
73207
82941
83165
29470
63389
3028
1367975
136573
42824
63377
23385
35966
38082
80386
18608
321386
46329
22631
47248
15998
19262
41130
19469
82237
22650
50866
87299
15660
30340
49752
201848
6540
74829
82613
16767
10721
56450
240820
31861
13865
40586
471692
926
27669
71980
233083
56212
262820
21131
40783
78413
25464
26948
9854
2631
32987
101128
26778
5607
12640
25479
115280
46488
4114
16600
80567
60901
1036935
870
5248
33082
24266
83098
36921
70325
37092
53649
86746
37624
62014
247149
4049517
5883339
62180
84346
77687
2597003
40455
43699
9152
86803
35932
47407
19164
64885
40096
59514
24120
60298
32088
6133
21213
62495
71449
970262
66118
72777
15722
414866
36996
19530
73369
75168
40586
28245
322477
59189
5616983
87663
969
69854
468474
23502
65574
79000
41213
146441
20773
16672
26442
44520
18575
2617915
22028
58229
52106
14105
50726
984888
74217
74673
3291
4099538
71182
5837095
83082
9462
14127
2173
2983601
86070
27441
626
46349
67821
77627
139804
8724531
34486
26854
36269
63283
1912750
70570
37654
3302720
31029
53070
79551
52240
4945622
64618
157059
30298
78318
27482
78004
51360
1018711
40572
68288
591
2995661
13972
9333
26360
400555
13028
23356
58675
18009
52034
69122
42693
77909
57492
63196
66899
3061989
16295
63674
80507
398451
45828
23549
84866
37576
498777
33083
20133
66349
33842
31735
566203
13604
38542
45080
67115
77376
48670
1044719
26691
10772
21140
59481
36052
85702
3415
23628
50812
44747
8691
55243
104
71322
66842
29572
3031437
39329
54565
46824
247935
15813
59383
12258
79477
439672
46489
43506
78809
21369
30597
38943
46180
64296
85990
387332
3364
18833
10069
35661
33832
75149
22385
252103
39934
22285
68894
63623
49534
34947
5914
64590
64605
51127
44313
1554
159879
49727
41420
4153
61961
19693
17048
65276
11363
53623
80338
26662
11281
6915102
1773081
129763
6117
37721
6404
148010
76219
14134
55525
85968
63760
52653
18534
71733
6351
690559
62689
6215
42110
3192
31764
10329
81300
86187
78993
69495
64003
49074
3630183
19552
21534
193430
58858
64047
37233
25467
2565012
27006
63266
41994
65083
21481
30830
7234
75292
55881
16370
78202
25615
9854
85381
58021
66413
73566
61769
59181
65017
63152
23237
24257
17450
34608
4120540
101766
58221
45688
78445
42117
38586
105514
897482
56133
17559
6988
1054431
82167
3772
46600
73270
34121
13820
11130
77077
27873
82664
63981
22480
43669
28645
64802
38651
85812
25383
2618655
588605
18556
28191
23696
2552
31070
2838915
10027
24143
48426
82597
67568
17948
63231
135585
87446
83745
83695
33210
988740
59838
42363
10060
71292
1006713
897168
31237
149357
39124
74127
26493
10774
16714
33887
8433
69377
3644
75360
78254
51618
86194
991470
299
138579
61651
20602
260973
209670
25045
86119
14308
29305
41782
78153
985753
25338
80485
2961
9756
20838
65629
59400
2782
3189
48314
13136
463797
69128
1674966
64760
25910
2972920
81430
2680310
368307
38567
2197980
49581
7762
58060
45699
11826
1930751
19990
41973
2928959
30041
75497
12911
56190
51516
60077
63350
5242
83005
43719
55061
85605
157933
66652
67025
46647
33837
70321
11558
35809
48567
6552
24082
1671350
345510
72210
10681
105730
115755
28659
46583
79861
23874
69689
49730
17224
41128
51465
17710
46337
84665
48492
12090
57237
1013729
21093
48678
74587
4077267
42935
25301
75989
79391
65166
44749
280429
73088
240011
84014
30170
18371
38195
65881
65281
77611
48461
73019
71954
25813
23732
59802
1249
79693
44937
142657
86186
89766
38057
13693
49977
1661194
39136
16228
1212
8316
43089
61380
41673
73732
32562
14073
28280
1182
75961
79082
16240
87253
61106
7103
48661
77905
5716
77109
58922
595350
66090
180710
20963
77666
14339
86205
6597
3169254
50250
19051
22719
60092
2318
8774
51886
20628
45140
42553
62618
80001
26480
82232
12689
34243
23303
21304
51898
2068
29211
68831
38149
69091
27336
9976
45438
3656
87581
164087
35471
54780
7426
12485
83976
84312
1827920
60087
64677
73820
67907
17260
332670
11399
49936
194332
83565
34582
34607
61845
47921
311597
41951
43311
78876
62028
2172866
31697
6512798
31720
18715
16772
61636
21620
84126
3564
82602
82076
39413
15371
24330
61957
48224
80860
24536
163706
72795
20280
42060
30937
165901
74741
200
83829
38102
1138
12712
86130
82499
28392
54081
940339
81868
86393
75124
189964
805875
79622
62126
15198
44708
62127
77900
80861
284010
71140
37884
82816
75392
65090
76106
12243
57468
52548
12248
43878
53533
63996
58330
5416
76953
20042
43972
64864
56878
55792
11254
33665
39483
256568
5599
17736
12808
21667
23677
41381
74059
15718
27234
55129
24247
2870453
78128
2073348
31981
55571
421434
33176
111539
75672
153633
17524
1738776
4131
2710670
29776
26259
7311
41371
7294
21974
187942
55507
7954
8211617
7708
9487
40199
68149
87319
85254
48650
41054
24452
74148
78762
35432
42870
21636
30043
4821
47492
42728
82410
59873
47764
59433
35807
45634
12165
49681
2580834
50860
156753
36180
56822
74447
69398
544477
83821
52442
81260
34511
59537
73602
21397
1397883
82521
2027
35746
21165
75837
73218
18551
64140
5890
74976
42919
76390
24778
59286
19945
68228
359840
34770
295037
30540
24636
491352
71542
39484
27000
12465
18122
3992
238052
12921
40851
72908
20821
80142
79042
77846
41877
39674
17168
74454
12863
38300
22754
2897247
5407
59120
4008
75988
79772
76752
62376
49889
28716
38953
3647
31106
430651
28364
81977
50480
54255
10917
87283
65424
59454
4381
79432
2518
69971
8406
370696
25800
53207
8731889
4110456
10534
15808
48142
5337148
43878
53505
17920
17996
65221
27384
82700
171134
64943
52821
10839
72354
18477
33692
85949
53464
84793
9783
38053
30678
20976
1654
31382
19063
35447
76382
66114
35584
74987
9375
73454
1548948
8389
9747
46646
9674
18681
4918726
55208
70027
3073824
57969
65758
13098
83416
61858
14604
171853
142
1167
26926
5069
57671
156078
41048
21176
67231
76824
7406
3759
16827
62176
52850
27860
71770
19749
11532
57160
20780
12316
6642
83188
31065
5559126
15922
6438
64789
85090
44988
1959578
171208
86392
32357
87742
38495
42593
38547
2796474
69957
76175
4182
15815
263004
5564194
2444
86566
6162
81168
80866
30358
4314
69310
71370
86125
44729
30099
80487
931389
29340
35099
77726
62776
19971
9231
56128
44927
56693
74191
7188
37654
80039
376650
56962
62147
21858
205462
20432
78002
22577
87978
56399
32700
6069664
17741
45681
2193
46220
47350
35952
250450
53517
62118
47492
40165
66544
84601
46384
29201
38760
41842
42019
1488
12898
72657
7163
11731
39182
31796
69047
3050
16899
61649
979516
1943610
40055
58665
83391
15554
62173
84871
78104
77333
51345
37192
17858
72880
73847
18782
81624
564245
1994087
77852
59311
38728
61159
65971
479219
49033
54998
85456
35655
76569
292633
63337
5303
29000
31428
11329
3766
5931707
63914
19866
36911
13766
2168547
59951
286967
37957
47424
15733
19540
137558
76788
7430
1755552
86419
294709
26218
10200
3682157
37698
16847
3874
1783390
49586
66563
46791
26883
49995
76921
50907
7748
35826
82870
38842
33177
8454
28555
9984
6741
978965
3219260
20782
58230
3530
65537
54304
25114
58001
13020
1352
86434
33488
87383
3400
600829
36343
9907
79036
67500
72031
78142
85437
83273
4208
6159
20021
972255
9251
63180
21302
69062
9613
63992
7345
457731
79588
59439
13002
15026
5839
68660
47871
1016477
3730
42265
717682
1563156
24193
29082
15653
24540
1051105
996858
30361
24262
7878
65934
431951
71318
36559
278
10102
78498
381039
1555
165196
33651
4864419
62308
47441
19324
78197
10823
168977
14130
50624
851429
72770
87360
20959
45998
37179
13387
59247
129130
21089
56092
47059
27466
59904
6315
11753
74758
2728956
34734
36925
34386
119026
65600
81432
5010
27555
56872
373916
961913
1970
55042
21566
166072
21489
46370
17092
23158
61709
31231
2315
24054
40848
76730
63071
74672
80872
15681
7007
10975
30926
2498048
7903
134596
47935
