116373
74043
401476
23136
67681
36894
48458
7394
8328204
62716
2157
32039
81730
46813
64533
13719
62261
63678
63134
5333
43804
46305
16635
51087
50448
52190
45854
6411
40065
22031
39326
52888
15814
61769
53191
36868
41643
40300
68228
49170
30768
55601
1993788
36611
86369
69116
156191
65247
2571695
86107
78485
33499
69752
68619
46811
21812
42640
73302
45050
76654
61054
30623
432424
10240
651
59696
26956
56960
791832
61133
50070
60129
66682
17417
230
1675
79904
18886
23950
298397
166732
26101
65426
47239
76052
69621
41152
16202
44238
46122
10417
32558
31706
38555
25961
26664
24841
67248
33566
63547
48317
13621
969223
60762
44136
56322
66693
9338
18475
13192
83762
81031
12900
60147
71028
85821
57555
75450
41159
17090
396526
35467
44838
61737
81264
2755050
119567
2741925
63379
50512
48042
45325
51146
122827
2936
12950
54064
42296
1356
142353
67774
48253
85972
897228
29690
395462
70005
53340
17646
57342
72465
78832
59940
74943
62340
71499
36431
47293
75127
81430
1256246
22232
10039
5685
34655
142965
31339
237642
49732
2869925
24086
12017
49295
83051
56441
5927666
49749
145041
46547
31421
64009
8530
15631
490382
21978
2044
210301
73103
487
36797
38961
80631
82236
73037
34527
7141
45198
3074182
30826
12661
76237
2025
19930
33090
50294
65636
54489
66780
6736
53448
17195
50448
81790
76412
87374
16422
87410
55083
17992
36119
85197
48772
16020
39597
71325
139471
102433
991603
38718
81492
64925
72914
157846
79778
12178
44168
77259
51085
71618
3304791
22968
86127
10654
8714
75030
2587327
467735
56874
4594
19437
44566
5647
21647
4972176
33245
77118
70245
395242
82850
71577
269181
24384
85395
79523
17056
50333
23667
76562
86217
3673339
4577
22208
16268
31717
38318
26697
54934
47151
57238
1340863
43410
15483
26664
55708
72358
31426
72670
33922
2820
1938577
33924
2027446
4374
69323
184280
49419
66848
87292
50895
82007
67682
73640
63214
75693
11065
1378
85435
16717
7683
81997
22518
10289
48106
71247
49857
5454
38169
10892
34507
37328
73320
28207
31758
16617
86443
592080
93314
84989
990506
73905
32312
70085
47103
57000
19926
57047
27166
13824
80180
78901
76935
31101
38525
91470
72677
9654
4755
19591
70335
80780
37110
45318
6111
73556
1981
38554
59825
37289
1844213
24351
45576
1412646
4189
107357
101824
71957
38741
26876
42740
83506
27185
29157
15240
16446
157073
82812
980729
2701837
59499
27695
27217
68715
65223
40387
75401
565288
1039221
135061
70527
25658
14840
85220
10524
40842
12316
57304
54171
71957
6840
49298
23249
71439
172
77746
2915843
4912
52232
85762
68746
16102
27183
10219
41727
86429
35983
1268542
1096
15149
29290
82845
31246
38562
34882
66421
22965
5364485
64992
70043
19822
52872
4954005
62309
47215
3945563
76085
59877
62691
81323
24527
31053
457367
81773
79594
53967
1159
57996
64784
970711
2994076
8751405
1715
78493
189
35878
15169
78314
5357
48379
78429
21320
70532
20493
59533
21276
58855
8473
74777
84070
55491
79930
63410
42027
28607
81870
52707
251474
32017
830328
55615
16481
74788
43908
14830
69203
79070
48868
15362
17020
43122
63391
31502
21415
54066
58741
75846
49950
81453
68656
1024095
28501
53546
12909
64786
15198
53342
28614
75896
6445
1023606
60445
16092
66697
54397
575833
78561
71995
87261
69721
12426
1871
48340
12756
41595
81788
1667945
37396
2598006
49959
15459
56355
1005734
58397
43923
64312
57326
11388
34041
35097
35790
8297402
10464
1020647
51700
33755
21772
36642
56244
53182
68833
6408
77825
72956
12826
49841
3278
35958
49208
60859
7902
65283
1355114
27094
81758
29652
74747
2392
61460
58550
701172
2621
79251
38818
38361
48590
575472
76463
53819
33551
87932
75779
26544
4533
19519
238544
81789
79927
75789
87926
11059
2896
364658
60825
64388
21319
1973388
123417
73038
81751
150134
63435
45401
15094
2917
9345
10736
81621
25995
11322
49709
57479
69925
195791
104611
55325
30898
87527
27771
8272182
39071
144413
63837
94881
44027
1969174
90270
69770
86747
6888362
57044
445714
26950
18029
22850
50671
83274
51554
66330
16826
2522
25545
86257
44663
84564
4978311
4019
19453
12445
41599
47051
28025
9868
53381
25912
3872
79810
228
85504
49526
61092
3387
46257
17992
37625
520015
55184
60604
41067
83893
17845
11132
37662
477319
74516
62470
77229
77338
60603
24214
11090
35206
5901211
27711
18471
74769
4846116
12396
25095
127791
3129
78734
24093
23876
27160
44344
82921
65149
60959
68970
33954
6701
944514
6606
8660
13269
73994
22811
21950
8568
73818
44559
40196
52655
80845
11737
38052
25833
82711
153179
59476
56356
53188
12372
10655
29050
87862
53213
13262
49224
50275
19011
78840
31731
61587
65354
59680
49467
3498635
61788
5376
370982
55486
2783157
25823
55707
46711
175141
33552
14578
34863
42478
41428
17864
24852
168328
7266
1237
55959
23448
64225
37594
50503
17999
26804
80548
65750
2843628
5401
12964
1743
1741326
70788
70779
19897
76274
5002
68799
11675
4942797
112954
28524
4011
21303
9230
65118
14028
87215
26062
17850
78042
45849
30223
110023
84692
74670
1006043
5984289
73904
79971
70084
83801
83287
4794
33033
74315
6097
70102
39878
47006
49852
4921571
90419
2708295
2927993
1868234
86771
80401
61558
37290
24468
84226
11278
8159
71828
57726
65406
48874
50034
71052
3948063
72497
30567
51731
77151
865
86510
79280
87694
48337
2583125
32863
42888
31469
87284
3236873
2678121
24805
30844
80620
79108
55863
40570
164841
35226
3292818
27004
75550
28770
43652
44085
12335
65332
379521
58527
3797
72515
57598
17483
25665
20340
234799
25824
85200
1054772
29060
9186
15822
76454
64844
55840
109503
81355
25434
25817
89033
17921
123914
71938
9148
83325
85719
33730
1674
39802
63212
319134
87644
30020
1705932
177596
62109
19950
30799
51969
323250
107931
59086
775087
59892
618
54680
55178
43740
15921
57822
18923
75880
1604
44208
9349
13038
68368
63184
13847
22815
86068
82550
19531
9266
1208
76669
68876
53840
46060
29449
11323
35737
82593
61562
6545198
37119
16835
1012825
67318
55654
64703
29840
64798
10004
1835329
39799
53380
31487
49841
43472
23675
49923
6407
60578
83421
67264
71350
75378
51315
80128
12607
67288
56761
2733758
49852
20848
31906
131272
60036
2012004
82117
9870
52266
47147
87320
61659
17701
73592
415041
59891
12910
10311
55116
59207
82383
59260
369918
4271
74896
75610
35460
47416
86172
4994
68114
62795
14136
53718
174580
52613
67685
56375
30899
47054
83949
7312
79773
1493603
68128
37317
2214
59153
251851
17908
28613
59457
64327
82127
69346
83845
1297
80275
84287
40092
16036
2204
74413
50067
32015
85716
79424
66981
44906
81269
30547
21270
27430
22887
2114
58629
38966
148052
2132
78717
378218
48211
55789
15831
1171
84143
27600
2849
37283
61332
54747
40115
17705
36321
63747
51774
36133
8413
23743
1014673
41363
67355
9560
10463
575138
10875
59792
77185
80734
57527
2565
57096
15979
54122
65601
64874
18455
4826
81650
2153963
80606
55207
80734
10302
43387
61260
22106
56312
9832
30778
73811
76808
2657
44943
43968
40666
50015
19888
8681
46251
2920374
15800
56834
74361
27491
494632
11274
23850
18847
84140
45972
12682
10103
37077
52989
78666
63661
77513
5189
37350
44899
36576
63913
71531
73721
38445
37426
12619
29549
18677
41497
61459
84561
74305
49471
367537
75804
49896
98472
2148500
10029
88355
62750
23734
28936
19915
23472
71861
64191
85127
83903
53994
9465
32638
78214
148729
29986
57468
1054276
1886262
799
69414
87724
717284
68120
44455
2027640
85980
7040
85777
55904
24370
51965
30026
43991
22812
44512
40439
68342
53474
22727
1427
51706
40769
41832
72837
1189853
47653
4858
14815
14558
53073
9790
76013
22685
86539
47605
49801
81932
50681
132274
80306
62717
17701
40849
31068
39641
379
549573
73475
86820
83129
426662
43514
48869
38300
357340
28385
4065780
4094001
18981
3575
63964
6582912
59608
63214
9222
70743
31183
42918
49480
77659
82398
1422266
50528
29588
79403
42079
32139
37036
21248
63233
81034
6045
46268
37166
39923
14780
33561
63455
19322
33121
58420
35054
8915
18465
19065
32346
566
36548
67367
60194
34487
67573
273326
64332
3443951
40062
76544
135295
11753
18619
16632
16261
86912
13129
14592
866
26407
494
20329
1746672
69389
25678
47275
46053
70177
51917
113168
48738
257546
85061
38437
36999
61433
20547
17961
1661
54108
57477
60597
11897
86946
74784
48326
27920
26389
83739
16941
35314
3230465
16902
1019081
30381
8255
53008
50324
67738
86505
310365
60323
85309
69499
68524
81601
51994
83475
29054
2600983
47988
31775
1023344
3198
63638
12170
39772
65314
61574
65983
36537
57017
10197
9252
2810307
15069
59308
76296
99757
250143
82068
54601
996593
53697
80559
2557977
81745
13609
47899
74477
109379
34979
34929
83589
38700
17175
76821
19885
21152
29372
70923
61583
384132
10818
62523
14650
10596
2869824
37541
87828
55337
13190
85177
1027320
68176
56456
68655
14690
5693
82140
96517
992527
69555
62146
39579
34005
27253
74162
77046
81909
537158
2553508
58269
2581071
8108
45967
20373
397982
2528
49935
846729
55608
13730
14673
38945
34667
35073
598718
78937
22548
17602
52267
86376
6522412
51635
42562
63539
87318
83009
156799
83281
11325
46643
25015
58320
19010
46854
36091
81176
53810
4983
61400
4426
485
67573
1941473
80006
25680
6885385
57759
43615
96008
63391
20549
27163
231108
11437
43783
84389
72129
38561
14000
70474
46722
85527
73321
4063408
87349
8773999
39775
11485
32582
494537
55677
14991
63272
48833
7938
24123
4625
46268
96741
497061
66330
16095
84007
66335
70757
37083
69046
79702
17040
46427
9278
35161
12651
40633
27005
82237
40539
13433
22815
4380
1452593
59963
47500
23377
1778952
42994
5615640
18886
8778650
86844
87522
69886
40244
4663
75098
5369
8597
13806
1318
20999
84628
820814
13379
48729
78543
13162
13356
39997
27031
59501
1177781
86335
45781
23249
18915
51395
74584
67606
62972
82673
997512
39339
16466
44896
72360
166231
5209
49608
86900
28594
15025
1030465
474117
13143
59954
1922353
14140
6532743
211005
32900
76541
39173
117589
23712
67648
2234
43960
3247
30958
25245
23115
480102
63491
28749
52677
46313
20966
80100
50911
87083
976445
49887
3899
28332
31558
51299
39846
54576
63238
6497
507621
2935510
45198
436927
2755562
40305
7629
42956
32798
80553
47572
85268
84301
94166
74022
55029
34521
63463
193791
13374
1769
68594
69384
83026
160946
38825
82405
2818
31238
74175
21192
66665
46192
80938
2855301
3943918
24076
12861
112581
50821
68052
25290
6483
52755
60123
20423
5330005
48945
3100
76140
81743
219093
72348
40049
38640
58263
15898
33240
1784615
19107
57176
45430
5504
27722
44817
8190806
18174
105674
519152
38251
38534
51335
18995
5586813
17694
64744
60016
17036
49949
18973
17957
78372
138712
44927
10884
85710
82491
6861
25452
3662
47690
4072919
40166
4555
43634
67391
29657
66206
3516
84414
77830
49885
85254
72317
29498
38705
58753
85976
51775
2476489
43320
5597241
49301
82234
58671
72769
19407
87787
6341
73578
64759
174532
12640
54365
556590
49331
39419
43269
53324
82681
31990
61578
58268
31492
34599
46537
23341
83341
11681
44632
116081
33881
1275
78402
63738
34906
49171
6894
75429
48807
35361
80020
29704
22613
213720
54652
1357767
59653
43977
86054
62572
12465
15223
31006
40216
64675
703936
11957
21115
15887
60871
70661
451650
76569
39422
1838186
5641
1535
72560
71417
4956
50291
38334
13960
48495
20455
60801
47340
36442
46469
461056
246664
72949
36125
72086
46328
25682
58045
4163
3021541
10779
72630
490
42527
56672
9711
32563
42935
2950305
39561
71676
68946
81808
62798
8313
63961
54099
54455
77421
87682
83614
45834
3043298
45479
51706
78877
27702
4856
1055255
24877
86044
13212
958873
376038
60750
48596
20981
56265
80095
20527
30013
25321
39756
493501
37339
39323
42509
42308
36019
39755
6613
174849
4091720
28735
81754
54196
73203
84492
16821
32146
54713
86004
16423
26531
85747
1024385
21989
193755
47453
31802
9229
52890
16758
335
3926
60838
1719617
20487
54495
84029
7738
38223
82062
37748
78481
81702
71068
18371
32274
7491
19929
44386
210778
50558
39569
18620
49468
25750
25498
25263
6482
55289
4846
2586545
51760
60052
87579
42895
1358642
63099
63805
14935
31177
26694
411716
82497
34572
66301
76772
69295
28610
55319
17882
44202
872803
6579
222753
44182
23051
87079
49455
35893
76310
21733
80043
30294
31442
61609
84832
66365
59187
19359
19495
83871
40660
39774
20423
13964
32593
11081
82888
46250
41949
16639
24533
6634
69460
1745642
39456
15568
58933
23729
99278
43320
84647
86367
70809
54870
30668
17973
97385
971627
189071
12757
26720
5652
11876
10025
87763
17061
51539
85197
53983
58444
24475
69899
27158
167378
58529
85363
20035
856
40391
44032
151812
70702
31480
599
3452
61752
16598
11040
48420
54989
1693151
55593
107607
921290
7645
256017
28922
17799
58468
77144
35440
74892
1463274
72073
8466
40124
16983
78195
39512
26791
3384
33025
59277
66157
65050
40889
77211
55634
35861
64467
66054
15637
50124
5740
11020
71334
1523433
16512
68268
51385
14375
41502
66141
50724
70630
6423
6818
51642
40109
81182
83848
36510
79395
28454
14241
63094
11903
75442
53434
2712
45277
67519
74534
35649
146773
173131
1166
13565
67180
232332
25149
36160
70287
63546
15926
176906
85103
6926150
15762
81347
52424
79797
61895
55141
2175972
54296
30003
36292
63391
65033
6725
19151
86500
84397
35434
20204
57637
600489
85711
77187
87294
41672
47318
82730
414669
85548
77536
47068
117627
318824
85190
1604
48447
79507
50812
62684
66065
76099
39676
63040
17797
1815
63831
52700
1417
76121
45165
15847
3466541
67768
69319
60167
53552
50304
32461
53147
49499
47587
15528
86969
66835
5326
11289
31723
64500
56198
180992
4708
986474
3344
43704
1051164
38170
44951
82310
63888
103737
69218
59376
84771
104110
16598
17077
55882
31539
239847
18338
24089
51640
81464
24135
39452
73914
48509
39992
45738
78194
113950
138591
41652
11582
45618
59672
58882
3434
19320
26259
74909
69022
8551
2935229
35880
46024
33272
68357
365
64094
48937
70221
10476
76496
55265
81004
11816
72463
13911
83385
76131
13852
62131
12964
52872
2025
39830
16119
41598
84366
57967
31244
982154
13002
64348
9084
481523
9302
318829
45434
18861
262055
3942
62116
54462
78949
65985
2590570
4199
2672
5528
3685
85261
52
69723
19578
61871
74371
52972
54491
37149
40632
84785
20628
5424
26255
18160
49099
32565
621
40810
27805
8079
79492
20174
22543
63869
27701
62533
65155
43754
34437
1987
37237
56350
66014
61898
7274
2798498
17228
84113
28623
66148
63388
10524
23636
25585
75091
22535
62927
11924
27965
83813
54155
82905
46251
47041
48960
50922
2707
70071
38959
233759
334727
128773
72941
56913
77302
58266
7661
25777
36276
44741
25731
30974
1293226
242101
212358
148523
81912
10870
51994
35044
2952895
16866
74530
2956355
53248
19813
58097
837324
931874
27445
85230
82224
57798
57276
11221
32456
61696
60043
70292
3104
4441
20793
87049
73224
30488
63477
76797
4607
77193
2367
66295
53355
79916
24371
26607
14780
76458
73948
11278
53737
81544
5297
4293
2797254
67856
2754108
66669
84307
19876
4853
57413
2797
86034
5255
69908
75757
14381
56167
60361
87283
45192
167396
14270
16340
27474
84888
87659
1857
282754
27594
68107
90730
43750
83628
22645
52587
7199
76779
8223
24415
76970
6568293
25472
59908
1083
62958
4877415
65188
10117
69336
7768
51291
2736607
11294
27103
50780
5382
26066
41291
74097
45199
166990
40293
80221
25937
49373
3904777
37731
422929
46353
87977
47808
2602573
58285
21421
173690
37403
67486
70738
84980
10698
51263
49015
30823
11995
79145
63389
79691
21919
64236
74052
196591
64367
9746
43207
38766
60751
86796
66371
27190
83453
71575
39809
24640
57476
6574
69949
61095
74775
75825
23194
44138
27247
64403
27436
74709
81063
75883
5912498
81728
265705
71169
85579
74339
43120
74745
214
69036
35659
52386
48100
85063
50469
41526
18409
246542
3669035
28068
12645
2962617
87171
85803
69562
63671
1015514
46244
17063
81991
2709
33635
13490
42515
36353
914245
144597
84350
79629
2038
30882
53885
19074
38012
11258
76396
14910
50499
45181
59335
3007
65717
10070
76394
51448
14021
66634
25528
82598
98148
56589
11013
31444
85186
33491
38235
77475
367333
10753
31735
48225
29519
68087
18459
979230
49979
71478
17199
66507
50243
55952
139505
68482
86188
72267
64942
42127
3398240
17634
86666
10924
48445
24922
61398
40657
85622
36320
413047
34858
232094
83117
64280
62923
34799
85586
57639
1695
3842
31289
66585
3110
46620
8647
580644
34107
3474043
27506
31525
139986
16323
41190
87662
61484
60132
24855
51822
233217
31957
68212
58803
56617
14941
2218
86241
34898
9707
64330
70419
55645
65681
56729
53225
64015
45549
69901
62980
1569023
16962
37519
8241
26655
403901
72301
59283
80451
161092
55800
49606
41593
404160
17380
58135
31433
137480
241955
51591
57624
35111
2985443
1407
16664
71849
6499
65872
75846
19748
242070
1019185
52342
9188
79353
69980
36628
14799
37505
18329
42464
394724
7266
77711
64514
4141
56621
49203
536
36993
64024
58798
35786
54907
34585
59548
77390
5032
47667
2927844
54585
392916
108652
46007
72065
26211
82097
68372
27503
59750
18083
2980939
61484
38687
8325684
2794724
606233
79133
4382
27572
10581
1552
42156
46938
12365
54223
69748
22388
80651
4457
42681
35073
25128
4672
12097
2910
37820
975650
31953
16568
1029795
2943462
47429
78470
80971
77699
51665
50939
68672
65844
74018
80399
12765
50446
75094
6299
69889
19656
172860
59250
75236
446395
12536
2869276
32102
522072
60551
80768
78637
75102
74504
52689
65565
165915
485084
79660
8768718
49632
56064
60503
66300
34263
14805
1992760
59617
17145
134276
55365
431903
40584
3602
77632
43948
5580
10469
15591
42985
762181
8119
80245
9058
307234
30680
38713
84980
515807
44150
83244
31255
272456
47421
1391550
47732
29098
78835
19813
75493
1747
25175
45462
78931
64358
684545
41047
72302
25834
124245
87930
72413
57789
16929
46619
67170
76732
2716856
64934
18444
25671
150877
25158
1824
8306616
5900413
67837
5034
43782
2920304
48109
49755
18202
1336919
7527
36940
74603
66645
41604
67971
87810
16231
69792
64370
63446
34128
15181
20779
87749
68746
28079
6340
145565
37350
47609
70726
1375539
20489
37655
60078
65150
8607
82517
19258
64125
15845
22244
29132
6619
16005
79746
8875
62797
83744
12864
71571
16797
6500
14111
24408
85446
14499
53705
36045
71106
28623
326074
5333
76662
2692
58306
53701
77677
12088
65816
76608
85212
42476
9372
64158
48240
2917123
71148
51150
45986
62724
523647
53586
14185
56987
57634
34461
79224
70543
19329
58896
13629
48094
61623
53957
87216
20843
75610
74555
12591
82175
39786
34002
62497
74606
31387
2070481
85679
26766
54994
43666
1262
1253627
3055826
16712
84946
194791
43127
25573
65475
3510
47791
69109
247736
39499
4951080
36198
1020962
54435
31982
54360
37839
64681
75618
19326
26325
31918
13423
59183
48979
4016
78566
37674
63518
7399
42081
458215
1707284
24082
3225
63355
70759
60658
21270
59745
48888
54643
439435
25242
13449
28285
7583
15180
1359778
1014246
8725318
76037
28576
55021
41197
58266
54717
20310
5571600
7922
36794
59033
12732
39756
12252
1022437
69978
521926
72922
578738
22872
21002
43613
80572
81584
325750
1544169
87041
51243
46393
85443
12829
65041
76871
9033
330188
15419
47479
51286
62545
24693
86032
82195
45424
55014
1127
58777
24387
64629
56859
51392
66860
2633908
151111
601323
1735347
63981
59960
15326
56116
81570
82426
1294
35402
42562
57332
25851
16291
64505
43668
9244
39309
77581
433962
5862639
71396
13131
61579
14278
45784
53892
34963
85961
52303
7293
62580
52088
56208
9634
37630
54360
81706
9488
67402
1729196
49520
23081
451659
210320
64356
42862
63498
44409
620
79630
67669
10353
475859
2368
73584
69631
53750
53470
428241
59738
44111
1708347
46237
70140
2567
6305
8
69560
39217
3205039
23821
6447
69976
19879
90869
53589
11709
438512
9269
25556
20350
29508
71834
69832
35872
29368
26957
171287
59722
43197
58171
541300
170258
65329
78553
8737899
48402
1345088
72937
1607179
163444
43345
27938
206960
77623
22614
18893
1246592
9659
71918
76090
67313
87866
18911
55853
22294
81125
47518
80061
6867681
86462
35839
41450
15605
6061671
13807
30665
54097
1929
8230
73531
71457
5137
188518
66853
3021656
10186
81855
35441
27519
243547
50902
18383
58847
47104
18747
20583
9787
128559
38463
79534
53351
73370
364198
28950
13224
78856
35399
43455
82153
31153
1931
23808
54723
71300
79521
91858
28112
8291
419233
4843445
3429131
83214
13157
21619
1724382
50903
37264
9581
55957
49630
1231765
5247
8101
40684
62822
75107
4131
10905
55965
53698
16612
55175
52584
16908
52351
51755
2929857
38555
9114
48758
74124
40860
182
4489
77797
31801
40683
9749
2903569
21439
25456
61281
347466
21792
81879
37494
59880
32779
86144
29158
56701
36087
46922
21813
68174
86234
49840
46542
73409
61882
71603
33961
59379
46487
37297
14611
57180
27761
25627
73575
63053
72959
3623
56284
7893
45294
38152
12364
56920
22656
311448
994115
62867
37584
3700
9089
28610
131602
2652202
24185
79796
969241
1906459
68218
6935477
34439
35829
22002
10975
28852
87994
87433
77117
50459
57634
851278
52846
6564024
76510
53808
76285
128114
32084
40830
78254
6082
49514
72789
33398
17122
2312
47430
62876
5879932
73739
6171
19470
395397
4090699
38771
66988
46029
320649
217355
35227
24327
82541
49270
74952
79318
83862
38009
57224
35453
169324
22311
17681
82225
176292
30995
3212
4814
60088
24912
81408
56253
6945124
13500
612275
80367
42723
85196
22520
991254
241
697798
57052
72569
64352
40501
74673
48664
21720
68275
9068
3611
56590
18246
51103
54147
35561
50042
4059384
135334
60064
11710
84189
84946
3661631
23605
33664
59103
66283
14645
84939
159771
14985
22754
6385
77218
64598
80332
51335
53990
52660
122683
209938
13919
16682
17231
5593453
81623
53333
82780
15345
69259
58074
8202837
72126
28608
43509
15980
7289
19186
80340
35368
13146
46337
12633
56423
76046
17605
72617
26272
19058
250255
63768
6692
71870
20560
5854456
82658
59072
925629
19565
52989
156049
33606
60703
7787
1577
13412
1495176
37586
83753
58320
41075
83930
9137
72021
2599994
67562
58862
16965
126101
76932
39643
33003
65579
5633
12482
55413
82603
76740
81312
87517
77913
79671
1426098
21546
37293
14853
160403
86347
40558
87950
114394
3059836
40311
64746
75920
62991
80481
35526
44374
47183
62316
79109
65123
60757
23112
7231
41514
610762
55726
38877
4671
31963
85973
41611
8746349
49359
744
72517
35449
74100
48099
43200
52683
7931
49337
69666
34493
10059
2615852
27903
16059
33451
36078
147659
2046641
760
350844
1048685
93079
34620
84812
74469
513126
48545
36242
54957
87126
21041
36284
45462
74523
82652
10067
68403
61606
19691
81258
67656
76363
26198
1174516
2494101
62488
70028
27205
65533
10924
1897
17523
81842
13015
71403
70731
83757
70871
247300
28317
72155
83802
111709
32067
41131
36363
58927
14499
3080
64654
75596
55672
47568
79733
52241
8747
42458
17655
16428
55188
2003212
64419
47598
374003
71380
76666
59795
21714
80143
18217
8046
29592
6131
63222
8307
77176
42247
32124
80461
22870
635420
33940
52570
27123
67616
27391
78995
1007449
36182
73360
29476
61143
62355
53443
107512
64875
55866
57497
67295
85231
44325
31380
137086
86497
4490
59478
138160
3738
10482
41392
87836
1027378
49322
58246
85892
83704
17112
78660
10022
74414
76808
74627
33399
37859
61844
970689
78817
5545
17052
84729
129755
20536
59048
34620
28517
1553524
61667
64335
47341
46113
50527
48030
75152
43678
34543
56639
21346
52513
49944
72775
3693859
54213
37246
27501
63450
17379
36828
82702
20864
44785
66501
36857
52723
57443
83331
173622
45958
39572
4723
65688
55687
1439
618
32698
91169
4421
31146
65455
65900
15458
42824
26612
21551
48018
55695
465562
40553
2432
53046
19098
72719
53317
77060
41101
72558
11239
30195
6389
74524
55618
12801
80073
49520
66142
19953
23854
413026
8202763
45574
49865
77011
28668
20444
23481
68297
953
26334
8722
56009
16946
29532
45338
22128
49511
10236
50228
2174
62198
44086
50056
76396
56351
29542
73180
28029
77105
5037
4823
2142
44117
29201
53782
2484
82209
43187
54765
49849
62062
74679
26616
18689
61423
81945
16720
63419
75638
49540
76734
61941
62053
87193
87074
75338
1350
63891
69398
79745
17190
66272
69082
29599
383933
52948
44334
47014
56591
27820
30799
57947
13178
3998
31467
973947
54742
123205
93454
44011
5480
59342
63681
7215
43143
26432
15732
26727
19362
8067
29146
44732
14261
56098
40308
61214
240792
25757
13479
53481
40409
83525
602357
2716278
57444
53037
31555
62005
81108
36896
58453
476816
38717
59979
2558862
71863
19123
42876
55651
28174
96379
77329
71060
3735
70249
34755
52725
463475
5287377
414142
32272
47346
26173
56045
66327
210764
47039
260332
37989
169710
82047
2593166
30659
70765
106933
80829
36954
21815
55195
5996642
59338
18123
43871
3225551
49599
57635
86156
6421
51507
59556
67545
348501
79327
48868
3256369
3506
18952
81827
43173
85088
45533
40968
13728
3488402
46990
153223
53657
20864
12360
477077
1927490
75779
72230
43084
87934
55733
1745212
1729035
53039
75075
1858810
21748
52241
66330
45585
44697
57232
74587
10247
78128
8176
45699
83755
1796655
65307
13875
65553
144557
3517261
17232
49053
126656
72921
3224
979150
29805
48200
31674
3969
81380
4653
63115
34605
61152
44109
1153
50607
34921
10001
11184
39724
69888
286589
18827
25523
3653747
52199
30869
3903
23823
83086
41431
36432
144086
39101
81445
83930
46640
56459
77118
51451
8258868
75797
53569
13889
155677
23255
50152
45308
58794
65409
81198
4856
30624
12469
53703
189431
8140
68934
48019
64287
101069
81255
62776
45436
3388003
237172
20486
1743197
33802
47615
22951
66424
58022
27743
17337
83735
37532
76071
70893
2341
70254
65696
32706
82838
4114883
2473458
20251
43320
551536
96044
5480
52584
371100
42539
6065648
83537
30017
24099
15762
57626
66826
1009
81106
82314
6364
61714
52071
61086
22214
51193
9327
238853
55001
14748
53456
77038
44397
28062
9547
76913
5302
20173
45419
72703
79391
80324
20090
19408
44027
18244
465861
29548
6501
69373
49276
69463
86976
87057
84645
71821
85896
35518
56460
30558
6528802
85631
84777
48095
48606
7243
14237
41097
142791
155889
81553
83230
74911
8180
1054539
14590
218469
25316
3562
37598
78064
71468
43771
58384
13084
92389
32943
11478
51437
51723
61475
12248
11106
69544
73946
3113
30504
28647
12734
2019
11049
19194
73757
69321
215988
12436
64265
69160
1047900
103906
32142
16377
80232
46209
36441
71539
28450
49907
26197
44204
8262111
39178
50875
111971
66770
3001674
77561
26959
16790
29461
19368
47458
16019
37324
42017
72868
12553
504144
58540
69140
31488
45788
529276
58216
71657
34655
60700
23071
80840
85862
35815
11288
37579
13050
23904
23441
79109
58556
82695
58486
36020
44766
77207
22796
213780
70033
25660
236206
9519
53049
83282
20458
56337
18571
53520
5332
26688
27850
26317
7112
75846
87821
57503
67816
51025
85945
18731
83018
36177
41155
52098
957972
94022
16334
66805
25269
33854
15880
32382
401726
54446
439126
72144
43686
38406
91391
10641
61633
37772
6676
77468
60812
65191
34856
281
35259
49004
58
77852
72982
65581
71317
41895
5952120
39039
792
48572
80752
42866
27770
114282
28823
68312
73156
11016
37060
85212
159574
74426
43205
58566
128595
31997
6758
243530
5831316
81585
362519
38935
76090
33112
33720
1650520
54183
18722
553085
8331
28716
40995
47965
84503
62406
50494
16847
2987031
61153
39919
1023605
74280
7561
62537
32885
40807
11212
80788
82841
50287
4901
2015703
84251
56338
55530
80667
39252
76145
28012
85820
20113
2672
76740
35204
44146
84030
79945
913905
43235
596475
19996
230358
55414
11357
1822
59809
11558
75562
66852
19572
47697
45764
254644
97484
82346
49736
403283
82960
4420
6892603
110
36042
68585
56014
54469
55867
54627
51143
9207
6578
82112
29723
26536
20114
43224
14788
55622
56654
11331
49138
58700
61535
502187
20649
76652
36169
49406
11444
83008
136414
36024
63846
79448
12146
61184
19936
65047
45207
58483
309395
87214
6905
46792
19702
57653
49143
23725
17858
24280
17778
43204
75860
34955
125923
87310
8187283
43986
86348
11810
57727
15551
120400
5087
30067
65390
8899
10548
13393
153921
427509
15018
31875
53782
54174
13432
5327178
41093
53935
69745
35524
85043
16451
44026
36433
70949
54892
28346
66628
10837
16456
53132
5051
33377
6442
79013
1052145
71470
67331
75267
58479
83869
40904
83350
39880
84101
76175
15552
5916
67273
21628
9651
15113
7735
278817
3242745
66576
151276
75471
82274
77817
32557
27285
25293
11797
80514
3419996
56580
47111
3073227
66260
48075
59328
20784
33370
71586
40156
60326
75472
58178
1515145
18645
64300
1525894
7746
84548
21705
56323
2130
3073679
31059
83600
87651
28165
74246
20135
83269
28800
31634
26533
4065136
19788
81776
56157
68092
69395
16775
52875
86240
10364
82567
43679
26045
11756
23691
41208
33664
29910
86020
383495
73212
40782
19499
38612
47077
37402
8565
25344
42034
16798
8985
205999
53695
65684
4508
20270
60202
79339
32659
54173
14357
9151
17747
18588
5832789
36623
1379485
35765
18016
72119
69510
41265
28414
335383
41542
3472006
42056
30540
49877
56262
54169
82765
3849
3003875
3901
6044157
83997
16404
4210
65583
50700
41481
6750
466
17010
65464
10181
84307
59928
28372
21717
1835412
54863
47251
65484
53161
8029
74078
60094
2007236
26841
87677
1006754
83713
30683
87818
49667
58873
28327
39593
43261
29769
44107
74528
75401
2193202
45862
36696
76733
75697
83360
230055
336387
67855
5380
3879
946093
8398
23332
11185
79371
76592
18600
51742
43306
65470
51405
52125
31301
85353
3002
58852
82018
955
79166
67447
69948
132142
11283
54670
21036
34407
40423
34307
65082
7181
61910
17648
7440
59158
56902
39295
65388
69878
470002
20774
16623
2173748
39528
38977
36314
50576
408766
51571
3337223
74093
190643
74959
3077
67603
64792
74363
30597
982179
58910
29028
19000
55137
77895
73054
66806
65620
52544
28218
36753
978395
6559049
45135
36613
62675
22591
31201
51210
1031124
36119
7342
6692
23402
83087
24742
142652
75555
6102
35974
37347
88720
1400
2886969
37181
67699
66160
1936906
14584
31245
56576
2020901
13505
47194
47417
1016878
41222
39130
53286
19976
77595
2514
31004
265236
47710
16409
4458
66103
13274
1829
28962
24712
22988
12750
73413
10303
26802
48881
23962
56785
43815
60386
24910
73028
55915
36321
66401
66213
138461
84137
67788
14835
435898
77425
96185
14062
19617
140928
17394
68003
45026
48557
43953
57562
13890
37435
76670
37396
29831
40025
49183
18937
65341
6082
67847
36638
81942
25478
43054
46795
18003
63409
86115
85748
72598
82466
87673
57064
160103
44929
28565
3890
19129
43690
55989
68167
6618
9300
37131
240081
343121
45020
35372
46428
27013
67533
10942
29153
69681
52089
8023
5969585
20023
7364
85551
71377
104229
64323
244797
128057
62932
23908
10402
55511
42089
3796
66942
29345
202995
73316
26308
23474
19232
3810
13327
55173
7647
56332
6945037
22327
34924
38553
55355
2602584
45523
14220
70737
68371
80244
57378
86365
3125
76292
3802
57007
128
165520
78578
80961
60458
75448
29050
22265
40902
58145
74752
48837
47882
46852
54784
46835
68511
59037
83702
401323
39348
70176
40450
74291
9374
53451
22184
42540
29775
38672
54366
72993
55238
13938
20067
71567
343
35563
81731
38462
13085
50657
67028
82024
72217
30411
83888
56015
271986
79947
1943
57684
208653
40618
42647
75044
86354
34360
35444
87159
76922
5300
45774
10315
47173
84645
76862
70100
74450
57787
32919
25617
34760
1753996
43098
3640
82572
59240
70245
16979
52612
81901
32392
82919
61357
24327
10225
56650
65624
28745
54356
63390
62845
14684
628404
127102
59683
34493
4464
50583
87900
60175
23033
1052474
50227
5178
5154
55683
11541
53356
17684
26352
53203
24840
400012
30123
5945
54403
2701345
12731
72182
84703
70608
26005
48509
44693
82527
67036
77257
49694
66279
122056
25486
172490
1291829
48882
23449
62931
66090
49899
80178
22815
11746
68245
54226
61670
8270
36781
82388
116223
21639
36844
54058
23671
69133
26430
378323
54197
24845
14972
67983
60081
14454
66865
2066921
56703
44945
56152
5554
42159
22099
36701
207422
85619
20289
38104
92682
29186
45956
73699
12376
83555
5241
2924666
6863
74494
28400
6700
4992
55415
8732
79742
9633
34383
162628
543969
25329
52514
181176
52014
30155
3901320
263048
1708244
80926
458701
74787
8626
16811
55203
7094
83172
48346
64602
85708
19516
76830
87740
22687
61601
81620
16445
278
79688
12695
337
18586
82716
70925
1931
84543
68951
9091
730
43130
61931
23765
31150
74343
20666
4761
74462
81568
9487
25401
33308
48762
72688
121666
6459
85987
46112
19667
52037
40997
26968
197217
56986
2214
6487
483807
19065
14847
29298
1676224
100417
42522
985442
8538
13449
46211
19999
547612
3032293
26992
74605
60726
291966
72382
77259
6731
160397
22790
57905
80631
53908
111044
52969
83473
2833338
70217
63201
49836
86660
1725
55112
3076
3181
555322
78793
50615
3955
11098
20935
2473820
41438
1216547
54564
61837
61581
29796
64011
10378
987918
242337
1687766
4019
27261
59779
68474
47859
82277
1668855
37396
24094
16955
65410
29511
354304
20226
76583
64730
78631
29431
51611
35139
31378
75818
28931
23171
80312
57051
26519
23573
24268
67659
34316
22420
44862
304527
85843
442691
46676
39776
332623
145008
71129
11680
59571
2259
56497
65258
21266
20553
30972
82274
60564
243266
63298
61498
37918
48569
39203
49601
66612
1340402
65519
48930
35210
52703
75611
2654
8236
48107
28251
23565
49241
31320
11806
18316
15389
32467
9875
84060
46266
46829
389950
51991
60442
75123
543797
6447
51057
26568
69252
52345
57918
19974
70164
55081
43170
265028
47423
64394
38113
60531
24921
2588487
30826
45658
26866
60456
120573
83722
4979292
76235
2112
58386
102088
43346
18754
31169
38709
24356
34692
84764
49432
983535
60950
45698
32564
56173
27635
12415
1252
35080
4671
38001
12971
361967
287
36440
66000
3880
62117
24595
51186
9792
79550
85480
60393
37416
42978
86144
3206
73139
19593
5397
45045
35937
552129
4997
32055
5037
40901
43813
27952
9251
40338
87306
19041
361156
4882738
75847
2664446
18227
3549
48879
82872
24702
28710
45941
65515
73062
609356
515167
76555
64579
5343
80968
506783
21054
59128
3685533
12869
37527
83798
61173
55407
3946035
37133
42507
38692
266707
1394
57171
60521
3281461
57125
13405
74222
26815
50137
50201
168
51584
53101
46812
65643
2896016
46303
79830
32376
40733
15685
16080
26625
25194
68400
11289
27518
77919
21074
73987
58847
45161
57539
13528
51956
58337
74525
68982
9986
60756
64087
73291
27582
87367
4882954
15684
84807
84864
27089
85492
17831
10608
4327
30417
31150
34237
44203
56587
67012
153576
69192
32055
100744
13523
44005
27374
35426
1948
12107
243582
34094
47135
175060
29508
86640
19964
20068
2986170
785252
245019
83443
62127
28376
48743
52924
78482
58133
7287
64017
70298
63388
11111
11762
26347
40619
53474
21387
39505
100209
18543
26541
5938
32677
2511
79392
46472
41740
41449
1207
50273
1554708
77974
67913
29946
67472
52149
70827
79790
43160
41690
2787537
74670
47936
31483
909150
7519
30044
12167
68365
31575
48545
61159
1052156
55856
4739
57325
54881
133326
87802
16051
76293
80548
76581
3362073
75445
407346
74036
27984
66500
54705
391
183452
83210
54017
63944
2539
911
74927
2662
65438
70106
37497
689450
40616
8471
53408
6354
81720
1429
23085
70258
67708
59629
19475
26568
86875
4240
79998
164813
64958
32150
2881352
34335
24619
12850
26385
59676
65580
26618
117208
26272
78302
61467
20841
53150
59645
576303
26760
104683
47644
35435
2529791
198841
161084
65237
70850
454196
59721
77584
49714
85636
71971
74195
16552
19713
84184
30842
2176410
11014
34108
51758
68631
5649
39902
40963
57280
192553
58163
2485111
26314
83495
58674
14424
70031
9861
1729
10244
51806
78676
2594799
18929
50201
20733
1854746
51739
18558
48779
1645
51565
1472
66842
68866
63831
54746
64781
86178
41386
2576237
82378
64394
18976
30009
77538
47921
26516
82490
237285
29320
7549
78812
3047
48199
22255
46857
31159
405881
3936
5570
86332
53070
37333
68438
38001
11598
78183
42509
13214
16656
44448
57199
30740
5993
82168
63002
13537
67193
84333
64120
56672
40541
16614
40548
5333978
82542
92795
168534
48432
76513
81445
25506
528
39076
76692
62979
86648
46895
3218359
29212
49234
65935
823
5129
2582570
73740
67140
386496
62534
80490
40869
51181
40590
68101
2332
467485
37319
2132
17810
5634
191304
38584
45276
61427
70051
44576
26811
8230535
9538
51334
79047
82462
65024
13504
61581
66598
26295
147566
518287
63180
50993
70329
47277
52870
10916
131212
11450
72208
44518
19290
7795
1959
17106
4908
45180
14398
43121
74131
44568
50798
32163
45161
48832
30824
15655
20732
67341
49907
11576
47728
51735
25220
85761
46485
75239
22379
45502
57106
50712
68064
69285
50143
33055
40204
52243
48025
48945
17325
130958
82131
77483
46113
51487
63424
120539
22958
67965
1394057
1018447
28060
43021
29384
1700552
73883
71035
40759
3602
61057
55051
43795
51724
25236
3506
85723
32235
48619
61200
39582
20781
186251
995275
70497
14009
25986
22961
848589
56742
34172
73719
2314
60128
59127
32779
63169
86517
35783
62633
5845203
371801
25136
5904078
4956
16326
9968
75434
23263
65324
47423
64299
55791
39291
64352
48772
86742
51259
76929
59391
55092
73015
38654
73625
8294403
39413
66648
75494
48739
1986072
85680
34738
60480
23674
33269
8053
28800
11585
38863
316845
19775
199573
71352
85974
37861
71290
38234
35059
75646
26532
69319
55196
3227
5610963
155965
29812
30914
39705
48620
23855
25160
56533
14510
50758
30164
19670
53724
66862
7064
2089733
66681
56930
40148
8624
8262524
34832
346921
32607
8981
49263
48920
69836
36514
75072
4997508
12495
39653
30102
1025
74267
50676
4076548
76523
7123
426225
1267
54510
44192
36257
2372
14065
12754
19446
70677
8383
43326
77265
31611
79370
27299
894105
38930
48006
1149641
160671
35914
51813
76487
1241793
83450
33094
78197
78240
65388
61575
5834
74025
81558
38459
7929
116367
49136
59133
34603
63959
24535
86241
80167
19450
77754
23210
15975
7524
6510
71872
8255
77654
8341
579
9237
78021
83754
17972
60167
5321
83050
10537
16022
2484357
14000
80622
11974
9163
60866
64013
58501
57960
56342
24146
11290
5328505
62094
2668
52144
485736
10518
63309
36526
32251
52299
107862
22548
44048
15683
75461
80528
1237
51832
1229355
26794
2876
2764
44471
60974
969119
44465
2911024
37690
178917
4870658
17420
32114
5610
58114
65434
71081
47022
1255546
500818
31394
27284
50334
10136
66679
3064137
66775
46971
14538
25601
60032
75586
80552
39393
119997
7342
61360
64239
52043
19853
18759
170394
32495
8842
63173
67906
50198
15425
3313244
39283
264806
30239
41249
53129
41121
40858
9955
16247
37727
84057
4747
37407
19819
34892
112566
77387
64892
61677
22282
31477
63830
37639
12935
45047
36183
61001
23427
21836
53454
57353
55542
587
31198
16486
32172
16735
21688
31497
58349
2343
39260
38309
64008
37450
27664
46226
1729
76759
1021839
1346217
22402
528
9213
36772
131930
55916
53397
31367
82078
59831
77005
12475
3561
82236
29619
38961
101407
47143
76925
84019
52111
27374
9040
163357
84537
49225
58980
43104
32445
42979
52607
234540
32082
35806
53605
84134
49776
62794
113455
48694
31520
52926
113665
58189
83851
49305
76865
56623
2535686
51531
18350
49192
79732
32793
1679323
36518
478629
40194
45352
22282
36362
1643
121149
67763
31615
41546
125571
4473
83448
66470
54671
59856
15155
10801
40563
31365
82950
4938
33241
621
2895741
73405
77772
58340
82314
42637
73624
66627
13359
2454
83225
57247
72440
659
86667
2055038
7502
25832
52670
53610
4975960
42162
75231
67181
8641
55012
63004
755553
11649
39429
6470
267496
53642
47380
8656
459
60844
62376
62077
63092
119953
16754
37705
56196
32893
370357
20048
31721
87238
67242
69005
76811
4673
356648
57621
46233
67158
50921
74201
66193
43660
2748099
28116
1586130
51927
56505
46966
57726
2327
83386
67134
20556
133759
5118
25080
334232
83091
65448
5626752
6530
69181
39088
69085
72563
79263
45018
57515
55372
191102
60157
3211
87071
58208
69146
82606
43524
34311
42652
82835
11936
48270
84776
73088
27090
79308
12878
2756341
84608
73524
22130
79859
9073
36391
26892
39831
18425
143794
19925
945
60863
13974
43320
40763
2873459
79654
3570
67443
2131
65133
64600
14712
72937
42372
51001
16002
14515
64247
29020
12149
16427
85048
23599
62015
223863
161477
81171
96901
16869
62269
56211
33334
22724
71250
5354072
52172
27827
81229
33867
34750
73592
34894
57193
483
55677
75466
78990
37751
31329
64351
30499
2864238
73508
238250
17982
65614
30245
119989
170
59073
33483
80915
16186
76541
15035
56055
16482
33367
22479
62907
85865
41859
75368
43559
55637
54782
61286
9223
76489
45383
52770
77898
43766
6205
38512
48679
7978
36776
73333
18207
71304
29480
60973
1093
24393
78938
31747
57914
3340895
64024
24605
83550
52402
10922
40424
44332
46843
36929
85767
45799
41187
79330
168230
48528
38047
436764
1945
22579
3890244
78323
80688
149542
18858
30159
85600
20179
2113342
7672
103445
6112
57892
62438
53476
28697
21144
51495
20354
39545
2820
42521
10774
27118
447271
70669
34247
30149
7262
226287
72958
78800
246454
168039
12263
9324
51602
17947
209334
326121
87614
31975
69782
81491
1338744
483952
37797
3261
11985
408
51574
50128
11382
82887
503456
528051
52510
8161
16480
21053
26556
12732
7687
74002
15338
16446
165962
54616
60755
67734
50320
44193
63536
49091
2492
23575
1206917
11377
26729
86516
204673
9929
12209
87111
146776
18598
55960
53116
11869
18736
9693
50952
31061
81888
47216
35925
42070
61977
28619
19088
3867
81463
63247
75496
17061
47651
14487
131
1026106
35460
70121
14515
17732
20858
2768243
58853
27489
20603
17466
340742
25180
66361
32881
61590
2801
62063
8313341
3086
29942
3412932
44932
70971
63584
86270
6534
373
63703
27286
47858
15851
14254
27685
3298707
77607
77707
42439
64211
56914
82983
81181
828398
75485
40060
34752
34361
30027
21094
743310
8087
23458
87958
74257
9789
84712
86911
11679
26127
64345
80753
21980
210425
59866
27675
50100
29246
50561
78739
70390
6825
4598
67833
59787
15424
79065
13552
116104
29596
70094
47088
41883
17009
57498
58310
32376
44624
74093
85296
5826752
20491
79447
26838
17842
389
83154
57358
33372
44825
256065
44016
9282
94556
46404
33425
24281
5220
17523
56648
74502
83544
956466
77781
49074
37847
82836
33420
7853
50904
409533
85847
4129807
62164
17326
2311
73902
70607
5629339
41388
58209
5148
356718
1757997
27499
27810
59987
4979
48369
80428
21346
81763
87383
622344
83476
52470
72492
26953
52727
104492
37352
1033503
16882
75183
5512
15226
122895
60890
70096
22102
13606
40187
81193
8753
64281
87376
192045
75021
32081
67849
79124
16853
58525
7106
44100
50183
82160
69200
74043
47971
16852
68862
5294
63690
6970
51058
54253
26265
2703
74971
32639
25493
31888
1329745
68606
10813
14129
75096
2634476
85148
58238
485958
14264
50562
72933
38994
20861
25430
1004335
37575
27479
26600
160972
71874
160774
46294
64844
2370
40924
22242
487583
10845
17778
40988
54861
71891
69982
87804
62605
63178
65588
42654
30313
46508
41849
44776
11938
53445
82829
21731
6963
71653
151868
65957
52782
6015474
36178
29615
54503
202655
11963
259178
69932
10049
1117
45141
166319
77422
15146
109
6900
64930
17106
28247
36152
72725
3771
11388
3725
19712
42168
395808
43622
56307
68552
10246
627
11471
87015
1012311
35988
51781
45206
31861
8729112
26690
45837
10576
1742772
4807
83608
13713
78461
53010
36612
58988
13465
23820
24122
464957
28198
62357
505525
25691
59142
71639
16593
25274
80662
6721
67911
34131
35557
51355
68499
58148
71679
64107
433012
4096784
106318
12228
26081
174987
56110
12502
86908
76357
1664151
72525
50451
82417
65474
26168
50450
24197
27604
7492
54423
4992
52065
294
51097
85853
45645
67396
5636
3462
3396998
62725
30204
33319
61706
1006166
77228
57978
15410
77518
1646990
26601
5824579
52343
64932
34238
448238
10110
15298
5289700
65456
36972
239668
501028
33975
1224
83069
62864
1026722
29077
85677
75009
365783
68136
2804
36072
45961
84073
99323
3214775
474878
28961
87894
82990
19782
67891
78610
2017104
19442
15430
45533
125268
50485
59233
462368
42129
48215
66672
9430
45942
140332
85606
80900
87159
12545
32105
36351
25928
18168
42058
37565
37122
13049
82591
2987867
37858
2998287
38606
25526
12244
42055
33301
216
50964
24039
76489
81609
72168
25359
33116
87198
158295
80099
58539
39542
53741
75971
5022
22978
21914
3705
59059
56856
87463
389176
72326
44627
1661260
6032
78336
21965
42838
9995
80182
2757
5109
8396
21100
121669
55328
57329
72881
68283
10724
1825
76338
2597
48682
22738
55143
50636
31082
10553
37746
46505
73536
45732
16360
22272
14583
52696
75280
48209
35212
86594
41590
80157
38407
65297
68445
5718
40860
55765
86814
756656
64681
86805
18057
41041
82567
38515
37204
50675
64636
62276
242069
4721
67525
59097
51845
22845
11931
76332
42181
74880
23739
33542
60734
36878
56630
5988761
4922
27454
57332
74731
33038
14775
66828
405564
17941
76734
32538
29578
50559
29055
41178
129836
48056
63328
51157
184279
67595
42203
23902
86351
12893
74303
29679
11884
23507
49266
33977
25653
56221
50429
19901
83791
8303
80215
67579
10199
38954
3477702
32877
149983
25873
35136
28049
36389
48772
64884
77120
64858
36750
80515
39528
15666
33607
48366
45440
191926
73266
86025
6618
18876
44374
27619
25401
22866
8385
64601
5410
30865
44303
35816
40901
42740
78493
42015
37168
35723
78432
64324
399935
25171
65549
50838
38182
25934
85518
79885
2934190
204058
82385
53763
21740
78959
32725
78407
3199064
30283
55779
18830
58435
55148
13488
85480
39227
38841
69651
61138
76455
81056
28239
14342
52206
82150
85778
10252
55222
83575
60313
14457
50201
72063
29828
1034617
56554
67199
69799
67690
35847
7636
4890
68867
36526
485618
80801
3130
74789
85810
78337
33652
63525
78918
53744
66129
72355
67850
73896
51320
50306
67964
60455
29691
84628
25622
350811
52731
20236
32934
897830
36863
4119017
14426
38969
37119
71858
75203
69614
79215
6713
76048
70777
2843131
37564
32565
84166
69117
19166
990707
29454
59806
84959
62075
34893
894660
60064
13873
84990
71584
63880
45608
35499
58675
60692
7318
13857
66437
68744
78294
67754
48129
54063
75802
5916191
20381
1482213
21664
797
23294
61925
79671
62641
66119
77110
87196
42268
22377
1568809
20187
21701
15159
17679
68286
114448
74410
80531
36524
68545
41267
46228
1005922
14814
24210
34214
55535
1040553
82728
218184
83351
61931
45095
25962
40307
54294
64901
4186
70491
81270
38346
46489
78476
13822
18305
41032
69486
27094
44963
32736
47117
13388
71252
80487
53211
252851
248052
110572
14727
64046
57518
31411
30213
20958
80509
3975
65987
1330464
80926
2170449
22630
60020
243973
61813
43766
14782
4957
59418
66097
1734771
87615
78419
195437
18957
325639
53935
25032
11748
86021
37379
215701
46629
266185
21606
23050
52349
35288
69587
26001
65503
71302
14645
9061
80720
33798
84903
68255
75738
35963
49198
53402
12189
47309
73008
26009
2581123
62209
11583
153521
29569
14867
61134
1423
14156
16047
78463
58235
47347
35159
48105
32654
53434
72728
63116
31397
46033
85294
72887
126335
61256
178405
1044226
1943558
70683
58417
10030
69748
2767
77608
78767
58896
87948
1442
905063
23304
43841
5767
27215
56970
486926
78906
23601
79801
49611
52457
5254
57449
72649
69894
83515
66015
21574
15811
32024
81391
37841
46944
4115919
7449
24232
39388
61026
75761
52905
82424
2889
19644
41523
14370
76518
49356
25569
4100564
65155
25941
21787
87246
62343
51125
20905
8344
34234
83735
44822
54735
439520
57725
122820
59410
58882
36777
149553
477956
2838716
2638114
70735
237679
150233
58332
68763
52692
7165
83812
1448
15290
12709
75954
28587
15376
52205
76815
25112
2985375
54342
84917
3649503
63963
6895
55356
6623
7511
115188
2075961
78246
20142
24796
87992
39901
63497
24800
74047
39498
51960
100987
173085
13089
63449
46222
34590
7320
80394
40161
64958
8310348
4183
36612
36808
36057
82406
374963
18574
62532
43694
161
142759
28426
85413
381492
9766
67925
20322
264803
72472
61320
25628
13350
55261
65968
31604
44069
28114
17830
51511
67259
2789185
10076
67375
28128
13607
2996
53561
74820
6689
4350
67269
170249
13958
398802
41350
66475
21220
35485
71140
105225
77320
42207
2535
430017
45888
21444
348443
21693
49923
33696
42548
34810
66776
38749
69955
53636
13388
78751
52748
78696
21005
504787
76000
59510
991743
81324
60358
64747
49702
73294
6831
54779
66123
34897
5423
38283
66985
86858
72300
57827
40576
61320
75461
15756
34231
50501
38250
416707
3049
2869639
13471
43214
2192
50848
13068
47804
10223
76601
20136
57705
77957
1762259
33925
1891920
65339
49152
32035
2140
47016
68446
69304
11146
30816
12984
76913
21107
46805
71087
79398
69864
24967
40923
236548
4122749
30812
12894
65572
63681
50276
21713
54011
19835
76792
6825
41947
63777
65912
68287
9130
4785
54891
7697
15311
164883
16256
51102
4903156
53874
6452
74712
485485
84084
1947170
73510
56103
71409
43245
50675
11445
5145
10065
24976
122294
52854
17476
19304
41038
15315
1174
29436
1035146
42002
122925
68100
56340
28639
4028
42462
9392
60354
74928
46557
24451
3415946
29459
1685785
51479
440892
14983
56267
22514
5997028
52796
83676
23081
21414
30438
54565
9944
29612
53645
83523
63900
27901
874
3262
32479
44152
43419
75142
32058
59480
76712
41530
326441
1544
28070
55266
67610
24499
13719
68149
29150
66411
613697
1234
65969
77979
397046
86281
260981
32366
86686
23843
64860
84141
82108
29935
30925
37310
44089
28764
154573
6129
55856
43359
1909
1590
31153
50327
12860
78371
12928
45729
78582
83903
45609
56960
65559
78058
28257
3647454
39477
76054
90023
1024048
67018
10630
14812
53891
70063
19961
14520
37202
34802
25318
50122
493868
37908
48984
84444
68094
62125
85167
53535
52495
1848
601069
75727
7609
68780
70370
79842
19536
86852
22557
86191
33195
207994
62241
17233
11770
56234
50302
27761
5972
64589
19397
27232
67910
996616
11496
15563
77578
67108
21786
70413
59807
32539
23782
13188
8741
27183
37094
166682
79039
82924
13209
33751
56461
58200
397769
42840
26584
31644
21450
2959246
60273
10865
84812
65787
85565
22438
22362
29233
69042
39157
28203
38142
83806
5706
51583
63210
3064247
25220
43335
53345
3040293
10026
70680
6096
15705
17871
39162
12771
59664
61162
15870
1819
64888
103227
44708
77105
34564
71239
30424
38988
35454
3911914
26571
63669
38936
63808
23986
27008
46744
21036
75866
12517
24553
60325
42296
16195
11211
142674
294701
1005
17298
5412
78738
394213
54000
28337
68384
51325
35487
34932
1051417
59795
114489
68366
19107
23050
32814
85428
