9771
66620
20530
28071
5720
92929
69235
168409
87446
51862
66599
9341
84138
59496
79202
15912
67853
1005332
39282
666665
73176
70359
59762
3183762
1007544
11637
51692
30093
8423
10215
50999
81272
76641
12694
4086
39368
27890
21176
43945
33353
84741
67451
2702
70346
33967
74597
3634
64802
77623
134796
76471
19577
34583
68332
2827289
81950
75214
394955
70951
43852
13390
79014
122335
67129
8787727
36515
18648
83044
22326
66338
81292
337561
638325
85280
82696
61770
3263
44159
1008702
26943
84403
75722
9273
6583053
41720
80321
43840
56274
15190
4864
2983824
43709
117791
60365
51711
46719
39361
67337
36713
12
23255
440837
53248
55095
65803
180992
6531362
45655
84547
76171
57143
59827
57845
78022
8362
70233
64982
52546
775273
57987
46689
6312
56813
7365
24214
10593
2876476
51666
74344
206
161199
43214
12784
80404
29562
27965
49401
34121
62373
35247
16706
36790
6598
67081
82583
1950
86709
49989
24483
19240
150036
403533
109835
36560
57318
6029
41373
369369
18214
71677
46696
69389
6000
102719
23738
59190
46614
27855
58741
4476
24914
37863
80554
58235
2812920
1723141
23212
57521
11284
49353
29671
75307
70318
52057
746
2062
2984809
26901
21495
1730548
7100
41390
86819
45850
23910
76449
4243
104827
71583
55101
37101
37336
17111
75701
7948
12075
37909
65906
8574
19690
29026
55283
23609
10011
85956
3297
18931
6351
71837
45550
58308
32396
16704
84695
87102
52403
4894
76282
30638
5672
77423
16471
75598
21711
856
45644
3737
68868
61290
36977
168968
67047
41651
6694
25853
44087
57463
38973
61796
40217
69909
1880860
11501
57962
39809
81005
596513
36060
31908
19346
414215
77445
53096
60227
86282
63084
7791
32649
2986785
68471
2972
2538
6134
84542
46619
72834
66913
26346
17572
43661
22730
65829
48305
45112
46117
78222
14541
79914
3130
18665
18007
45596
43394
82403
870
11895
19624
75878
51769
38271
39809
32692
26866
13793
64602
42066
49228
43141
77577
7901
4214
64292
21522
67439
48425
249275
13594
40657
66911
26381
63881
82188
55702
9264
40224
3438
17840
84949
57735
3776
4095551
77017
64104
101211
64556
73849
25500
48628
76717
33384
51715
24965
529730
25509
26662
18973
43050
26866
48848
13428
58716
78953
50166
34291
86344
14807
262
11756
25235
357912
134144
6751
3981
45598
1811
42237
79984
79538
18074
72053
8739
26012
28534
59475
55028
67528
11058
52245
69787
1836392
26072
996449
35044
74248
129
38544
13277
58762
79504
80913
55296
51962
84057
27178
82175
8667
42354
42806
66530
70400
74001
2480
41446
72632
142445
20322
74589
328016
13001
17062
6869
79554
67895
42005
41304
50985
27236
29923
49001
53338
11663
22295
120212
86716
53985
23663
32499
2277
33
43342
53197
14299
65373
28987
261212
36635
53205
38319
17694
33472
78031
5988875
79101
65924
74642
21637
82214
31547
159621
40706
23114
54114
83207
70961
56889
23689
81011
220197
39579
2439
11932
54248
15094
85189
397701
65465
19637
46466
37627
30828
36250
12
5911658
1448
15462
44968
39239
13323
24611
898
1015019
40586
7385
42950
32182
82669
22007
76745
11448
12717
80777
513195
5394
23357
22631
3958485
2734
71196
40740
67827
48599
3961
43146
77727
64386
31765
12980
22648
853807
18579
30499
48956
33822
74614
7483
48583
75640
65065
24612
1946256
32207
181899
1371272
56057
249042
15569
35259
70845
51495
35621
10406
811
12281
40312
25848
13036
61821
171246
64781
40615
2037153
3457609
216223
16672
28738
487451
6524
1004402
5720
64170
59630
3867
33765
15019
82319
67534
53515
84382
5020
87
5392
49130
56387
55188
74369
85804
38130
10318
1348127
728678
6731
2967
54592
70287
6081
36472
57705
24945
37043
10937
6896576
8906
3014
29654
22338
1249
52169
14483
25364
53985
120781
29152
35997
131273
31643
81742
49313
82983
18558
444075
69866
40632
66372
73230
46194
54659
39650
55025
62288
49458
9020
2756601
35759
16933
86635
12122
1906081
83020
999370
20501
7968
64652
28619
1051350
80112
7652
84963
2780687
64534
43905
46117
84638
39122
1177539
56050
28759
13513
27925
1674
85281
62416
52316
32519
23503
67365
3048
10768
34840
33854
20524
46238
65233
78326
1
162541
409
65469
1996783
60882
17714
27039
32479
34715
12480
33208
998618
62310
19069
54332
81029
52913
35959
72615
17591
74450
246821
70535
33574
33663
55064
37374
83115
29077
6583184
53031
66837
39134
50258
76685
56446
50273
61353
9669
32283
2586070
23557
46408
20533
39140
7593
32722
8304
86875
4082191
84792
14770
40234
19133
57799
2756034
39077
51530
40049
512226
63714
130883
44208
17146
3078
85302
44778
81284
937335
34851
2939
22927
50818
4134105
41981
41900
76712
28609
53204
44749
46758
86247
42661
28120
48426
16112
82940
1480653
68385
65476
46722
53577
30926
179765
61694
76945
11093
46920
75575
72378
74373
34233
1006704
436558
55433
52291
78715
52914
46895
3067453
30787
46877
83262
3036394
54301
17400
55902
116811
57585
22306
21651
19294
66691
39223
6555
37705
42564
2987675
69540
2788240
79421
30408
295139
32947
19189
15048
16038
79580
5970
67533
39232
65977
2196
19624
220353
163239
4457
27680
2010920
4913
70784
17835
70384
40425
71906
58812
17521
50640
46671
2921
31457
54467
50700
50848
66035
57869
47852
77767
5420
78261
24863
62232
44278
36654
44812
19490
76067
30291
592694
46056
21935
66553
33386
86077
20657
22988
245364
48205
53783
85152
69367
55193
66399
86226
58780
6100
25374
65463
29115
2996
32384
45717
27046
153048
427136
51118
50097
275787
54256
25567
87337
63360
42021
34823
63987
82868
79814
1385
75304
64884
48014
71974
18734
8202
80326
10928
32096
20037
58305
48818
55484
1723
37246
11147
35991
44820
37968
81113
32201
55671
18998
37442
109834
31081
86550
4065495
3328
54380
75933
21938
22230
30827
2072078
49699
35049
83319
20824
60272
44147
70886
71404
80532
20903
13166
79025
50835
43622
14802
1992912
78622
78125
78278
31658
37229
17136
27239
60994
8193276
86992
70692
40380
78586
37531
85332
77226
73027
175785
32931
14884
33753
52432
7647
42135
54302
24545
53839
78669
8299950
59305
67541
52722
46898
21078
821822
20667
75617
215148
61466
49364
79146
10684
64379
2116211
2589827
10111
55756
68798
35965
37794
360030
48352
983423
22230
81964
4973024
19346
80108
17910
60255
41143
65367
80143
86572
77560
24047
21986
37115
81028
48567
18701
77152
56218
1727543
130116
220310
20664
40421
19811
1030822
32209
11793
33582
427393
30745
81391
76415
64710
22677
35247
83846
10830
78267
50564
36203
67271
5238
110106
5126
53936
14128
51357
13470
28236
73579
13638
2589287
8229
49350
4585
50394
1945522
9484
25577
29780
526319
2511
73398
80826
73807
76511
50464
40310
65900
82335
37825
47373
42622
21026
2605
54888
61269
60076
86805
31182
38894
74761
61669
71428
77569
83274
26411
17568
1644
27280
30058
18636
169114
76569
37379
47364
61263
519097
43805
74977
7230
82707
63869
65306
6060754
423108
86379
2590
8872
24582
46453
4987494
70532
9385
12559
87631
5365781
59178
74923
71060
1756182
16129
4128619
159537
54868
926988
85062
4859
50674
14589
1609
82096
68518
79062
79587
48240
416689
9961
156044
79176
27726
926019
53956
66440
55177
5490
488040
74826
2435
2702466
153771
14212
74160
2618612
63786
69564
40832
42989
20620
9549
60803
52409
87601
82840
84097
58683
3435783
39337
65941
250475
50269
10608
27167
78536
71682
87031
4563
54646
8113
35359
74295
70105
62727
31763
5895751
464019
28951
6384
13916
18261
85326
81611
39309
39743
43786
343818
13354
65107
81336
1865147
10002
74535
161462
44893
2090785
54901
27446
60964
67702
69678
45358
295536
64174
25364
42877
64983
93992
47369
64448
988370
79475
28623
83899
2933450
74947
61787
361048
6327
70732
84112
22711
76759
34321
32926
2277
43643
6080
3441
1688104
20160
2094
27854
72772
82754
101337
19016
44905
60824
41358
507772
352522
86489
64754
6115
14169
50012
49005
26102
25058
29237
29529
48436
87531
3642485
72346
8766
56656
44442
72472
26570
399753
27497
1313597
2660127
2469670
5196
39887
68422
26244
20369
71788
50451
25179
38644
71771
75773
74789
89983
19109
66058
4784
11559
36050
82728
29026
10099
1809
27740
31596
13126
56867
56071
16187
56097
75934
12440
3306829
33696
14637
48706
15970
61723
66403
34323
76529
1029056
18483
7502
79212
82328
62362
65639
13605
60805
15980
49959
48532
61438
44442
54495
86814
44409
80063
45593
74887
71454
42676
67963
86252
84912
68332
5936370
59001
46740
2201
28454
54809
30345
57057
65719
33018
67979
56799
43725
71070
84578
76509
53680
78455
484149
85652
231
5763
60153
26882
60638
68675
3351
67099
9256
438695
50352
45393
28067
12915
108201
31796
77517
84086
53901
53982
26634
70980
6550
24590
35549
1751166
49981
67968
894
79898
31350
51308
46330
43851
73508
41631
30618
66441
5606
65544
53983
82664
35058
7380
15014
57524
69051
6252
3658892
15964
71273
5382
31243
58639
52438
72652
75007
381111
75610
87307
86020
26532
73829
58561
36711
21667
28413
18617
19804
52021
37982
45527
23278
60487
32020
79462
327101
75901
56140
68850
162825
28953
60169
276821
19850
78803
541621
8293218
515308
25726
69388
77982
55496
70902
15792
34423
80110
79970
80379
65823
38974
22334
41556
55700
34796
177700
1725113
20611
37565
12385
23448
39516
156315
165139
50405
47921
31444
17990
2978525
10017
36319
36727
65897
16929
21311
53713
363672
76492
15698
166789
39963
40582
22474
85015
35403
12096
86648
27698
53961
1931
5124
46136
87741
1040255
4880
67715
171132
2983417
51234
79700
4125156
67143
66437
40099
83070
25196
81939
30259
77011
7009
27134
1372470
19905
1823
2639174
8162
62352
528501
84360
5182
32739
21818
53025
45200
79558
21199
1828
205788
16894
2849901
52105
75780
27482
31065
55244
19821
59479
48977
36022
12207
64392
67172
20476
31203
57968
63010
33945
71287
42214
32231
4247
123244
11068
178255
22401
4262
53417
23121
73683
1677
74631
68397
53197
86153
3606
4710
57192
167018
39149
58350
60235
13112
10264
44491
63062
416578
87442
1312869
1175
67972
35119
59151
48818
528761
79298
24735
21769
14696
171285
73769
52188
5882308
31469
26270
68375
131026
64343
33751
16844
60833
9472
42649
7796
59502
58128
131131
45566
1323
2938975
42672
27616
68717
15828
48482
75616
18499
3898
2180215
23410
35570
3362230
37980
68375
281707
46720
26278
255828
30935
37239
4647
57690
5608943
16279
43221
65702
263
3030646
12657
49982
40816
25619
30378
56864
37436
32811
76873
27105
146429
28298
26673
65521
52960
58140
16145
66235
80214
84456
62073
14610
11665
50048
2591670
3215219
86714
206004
71584
6423
80261
60284
12804
47097
47864
1565599
72862
564950
516846
42445
79752
64850
8112
10274
182889
73591
1809186
37896
19899
4687
31867
125887
80046
72781
69433
10166
48338
3076325
54890
3473
48823
14054
51053
45077
63127
17821
60128
23909
68799
75438
570301
61648
79436
66447
22104
64331
86811
14912
87527
381569
49246
7107
28711
50320
81177
75234
12607
63188
19604
8733438
68526
41395
976101
79720
84521
28118
2767
37040
74726
83764
10825
2210
35394
44066
27649
14475
63080
45966
52830
81637
103952
175232
151855
5894
181516
18554
76768
16988
46902
10263
19923
1421242
69531
41532
65987
84383
81726
8772
31549
29762
165122
44785
9280
12501
42319
21804
23737
35549
70719
69648
46517
78230
64306
60253
68693
63111
20346
10637
74509
68457
63555
56430
25553
4976350
21268
87894
42860
87255
54497
1012636
66358
17825
19477
80902
18087
59072
42736
39244
69682
60936
8211
74072
22611
5001
1614953
67353
46682
80803
29460
32336
2116771
64075
52636
83817
60954
101757
29795
15561
42218
34207
6669
393404
34860
62528
46397
8360
57308
18758
42686
82773
63133
15897
58562
17208
35910
405745
158295
2178
14711
22712
55779
166339
1734
19160
282899
87928
42554
72794
70787
29833
20752
62418
65254
76892
9695
8246300
2498463
54534
2854801
43240
81222
23609
53818
5935
73990
55376
60943
26702
483705
5574116
427252
26842
71118
2437
53264
21811
65310
177799
69907
22707
9572
47780
230555
82445
64312
4176
29573
75032
73391
66392
42092
80425
78689
14792
73247
42853
64895
865
126948
48106
6054
79917
39969
45232
56775
22770
104250
84326
26160
84770
44621
71133
11811
87551
52719
5633
23129
67147
50118
33003
37182
58987
36205
270411
86684
6450
55229
67297
47848
34226
58046
48850
25209
8139
59513
64205
73174
82082
29610
242952
36494
501862
234513
66639
62566
4955
8879
82810
65627
46321
31511
1181566
69978
7890
45713
15289
45517
26745
2801
65830
78957
977358
24085
968581
9071
30901
50158
238642
102747
5811
42351
10333
15894
363453
82582
80890
60806
20965
16350
308571
87517
73332
73119
49172
54812
74442
10785
70797
39243
18768
16349
38376
65225
19881
46578
75470
48454
77959
42085
171205
59766
503105
29246
70984
56012
82558
3640010
269398
74782
65436
25448
74051
37680
34235
31011
86586
49807
80228
75372
20404
6163
3835
5409
48422
46641
8971
531668
4423
68696
24335
66783
81256
1046317
74621
18886
22683
85836
69947
83787
16157
8579
28706
34269
15688
74862
26686
39033
24392
2966
47697
12491
52663
58861
41702
1042651
35623
1556450
83366
185815
155
6377
18199
6080
3284315
30674
51228
30169
61061
10532
75814
70882
36890
74492
35938
1702152
81440
76124
49849
63770
2850
70777
41722
9277
22401
4849698
310843
86825
7774
11537
21243
35841
80666
3501346
50031
28747
55439
63568
1765983
74393
72341
17769
984235
72323
75496
22952
52884
85269
37438
68950
107910
519358
31686
237271
79430
249132
30795
766
36981
55772
82732
411664
76626
83784
24664
65021
15302
87492
14079
84748
43050
48663
49393
44448
45744
78360
11110
53775
33607
23680
10914
4633
83291
125151
33290
34155
43415
36960
80732
9351
52115
88960
56766
35778
4204
43400
56090
85088
20120
25833
29353
4211
8253958
82026
406431
70964
5359944
83631
66372
16870
59078
133231
2949
1360047
61911
51760
2282
46142
45476
16236
63636
996201
53576
61553
75362
55564
55374
87511
44263
34018
10466
52834
60674
7840
28921
1838
44303
486696
3587
43486
43642
65052
18972
43611
61521
19219
76486
86940
83004
58056
1482461
86148
1739
35833
22487
12715
65694
78413
804
41740
39927
57543
83337
70859
3036318
2988
8545
19746
549443
22662
35640
85659
6783
79217
56469
165085
29101
184881
73999
24471
79266
48110
24023
46230
55477
77218
77991
19120
54637
93896
5816
1847
11206
178
66201
2822
74421
65929
25120
76825
15632
18910
58109
80717
14213
37280
64528
81302
641
38545
55491
65266
11840
870077
23636
116404
13796
13665
79755
333349
27411
62525
66413
27886
81982
47135
36737
70180
63443
84956
23775
56712
156939
60314
159826
71289
10714
117882
29948
77947
7970
86324
24048
70476
14477
81625
892602
28255
87159
60579
23253
23520
5548507
78636
18528
8175
17841
6467
55991
66250
15401
38548
972
31712
38694
19745
57780
241130
16543
11880
7540
28698
76612
50619
12482
23085
44882
21596
25951
75417
35975
7808
32788
19321
2575305
15952
36988
6917557
43329
76405
52601
27321
21244
28940
20954
58911
77438
8004
34892
4915625
65081
1824
71415
38034
87737
31247
87350
13085
50232
46331
24341
75412
94205
37716
55491
43885
960959
76699
975206
80720
51596
49957
3416204
6156
500526
24341
6499
81150
57878
62313
68843
26127
37875
8311
63020
64977
375198
612
80677
28705
31552
109900
30574
1218048
14681
1644225
24789
3484
60133
68044
71662
512307
22309
56353
3060218
66362
18763
78917
44813
221043
1035
19943
38607
620
51129
54975
23466
204452
129597
15885
45151
79646
6009171
79861
2067
241517
12455
86890
79301
442723
48919
16197
102052
74279
161987
10817
27614
29129
67486
425334
66605
413216
60778
40354
22321
59141
62140
86924
74639
68888
11505
3269
77895
42066
65155
27815
314084
32266
98359
53493
14931
3742
63397
4875954
86616
29332
82383
72257
5478
35087
70720
1401
71402
46695
40248
75024
61867
5928
43267
2914349
5408
50576
597011
26615
72456
85694
72489
42709
1055032
76454
20386
28518
66259
34448
1020
41669
44260
40002
87125
1372
81904
678
22104
41247
35833
31914
64511
56094
34176
85034
82392
563789
30202
78802
79041
67114
80771
55586
949
6810
3266116
33186
59872
16792
1799
78012
80426
83967
54954
84564
5338409
30879
39899
126322
74287
46715
34809
35604
15463
2543476
27143
10817
75723
80639
64817
47267
39270
104728
56594
65088
22661
59078
7140
1746353
2557388
39414
48413
58125
17390
14327
13978
86445
43332
45109
58072
57155
191272
51405
13772
78853
65775
62314
57366
6828
68369
81972
27539
105874
79566
1385661
8797419
35656
42731
8694
15562
72698
39128
43505
81791
75976
3578
22214
219269
56647
56311
51966
939
46829
30436
86314
82546
130713
6559
81163
31794
89626
53454
49176
29442
81995
71753
63165
53743
17037
53321
5964
27938
3923879
62143
10879
51548
28637
63751
457074
22742
52598
21833
43122
152229
69266
19097
13450
1032493
5967582
23207
36525
142101
56171
79429
522384
5403
19842
6930651
80405
988824
28670
17856
7310
52119
75149
7944
22268
53061
35055
47046
14670
48374
1661591
61219
16958
75217
9199
40377
36582
8774
73893
68019
54804
1605
42955
35706
80057
81921
3879116
31597
86888
16041
81398
61947
4306
994375
45254
69796
43681
21704
29195
38784
28931
2746601
57062
17134
32776
51115
426011
80499
1548587
52157
73074
11255
34600
83875
61765
17943
31095
64052
62863
84480
73771
56534
71014
50981
79307
1049591
1797
73135
61692
16142
39511
25165
22116
57192
16214
86164
61799
60018
22651
15196
3804
63924
64655
87363
87081
34894
5812401
8710
26728
51078
78087
66592
84315
4027
39370
786716
43010
18099
78957
67229
51579
27430
83835
70658
83548
33280
9500
8978
51714
15411
134821
67072
63559
14804
82018
14536
34123
20558
64168
149985
30588
10801
59732
23170
55567
42741
19757
11989
52375
41645
19745
64360
75406
76378
33062
30618
31902
16326
20012
46528
78973
86627
79984
17984
38590
59434
64350
72963
52078
991209
50278
28102
2580299
49366
81696
6075
3209603
66782
36432
8333587
27119
19828
6133
65167
12696
22461
12706
13919
17741
40122
13280
162572
3407224
72336
73291
40851
41115
87069
22236
64733
63131
9876
45316
37545
51346
72162
219024
86128
1244508
78839
55315
26183
169864
58629
220728
71145
36253
44713
71849
82535
2045
163253
61553
63926
72736
36519
674958
13253
82651
54420
44594
17747
3466
3565
33927
57106
240838
66219
79833
241989
62600
15920
48902
214010
349985
53857
5372
31430
32256
24167
54070
62058
65649
49284
72861
46349
64825
88253
19859
31860
57134
36351
449309
4609
56070
58467
72735
41094
161711
50878
46596
1600
151671
17394
62282
41471
51158
21969
7648
14282
9586
2933
77030
12261
55738
36048
18208
17194
64662
23896
2864174
59239
87626
14268
1530
9340
56185
33588
53308
47464
262524
1996912
69999
12784
47394
12078
47061
70994
40872
38963
67260
2820617
62844
63683
50798
16390
45712
80829
12361
1572
60156
2642334
80904
14160
83485
63615
24291
84872
46076
31430
1380443
80324
48549
56154
38829
57401
18837
58695
17660
56486
44875
67968
20940
20301
3620
23645
25295
966243
80821
104567
264755
33161
83578
120332
5165
37270
39912
34690
70409
73929
34719
50055
12715
80224
5386
78240
61215
72292
