62594
23833
43228
20129
44670
38933
161002
8790890
36942
36063
14001
2166
68095
6439
74085
1591826
43700
22261
65362
80457
25025
83595
58991
64459
54743
35648
123379
53900
63738
14753
47869
44773
64745
31160
6228
41324
35614
99399
63416
29018
63264
1051743
41060
5395
64783
8236178
69421
334
54170
63009
35919
50147
58979
8985
14750
38100
35672
7790
16403
5990928
64055
84257
3324925
1010154
11001
11088
66999
57365
18990
66246
47470
12539
72090
43571
37050
147599
999398
7215
36402
61892
41916
13583
41678
68686
54727
72567
21214
54351
14494
1758218
16806
47284
67613
193288
56969
1451435
30143
99672
51177
33198
1387
981128
47492
42404
76887
23241
25581
19508
1936
69754
74335
75993
29496
47583
25766
3483223
27392
50967
27085
30356
1678
84145
87043
57883
2566472
4970629
74870
1798914
69528
55520
56145
586385
56999
9460
32836
23756
392053
58424
362489
24647
18354
12280
172821
3473
42598
76775
62317
28138
79248
77094
86116
63126
46353
77717
51800
52975
1731128
29306
73017
44916
66719
17934
25251
5626
10610
31222
14898
43432
10878
59743
316157
24287
75272
994885
38929
76717
72214
31385
77344
41909
61065
48695
48070
80337
69049
72836
7578
20406
87886
41000
3614037
465914
3410126
45358
7974
63111
9162
48092
62621
51384
44128
106883
14940
7172
8328723
81324
63647
67886
43634
51648
2870331
61340
10817
55665
87367
17256
54422
77885
36687
12077
57106
26754
75762
1023
66568
23945
72597
50840
65898
10627
1936457
14084
34374
18736
74083
61027
72445
58024
44460
65545
83167
64628
48077
16963
18602
83414
5443
43119
930
81941
47206
21989
31930
82749
8317028
69868
9796
29946
23695
13466
5388
22628
12221
20438
69532
25468
32470
20047
3691
65483
65354
12817
44328
16278
3036
35131
1615650
6141
27167
22317
20623
47273
141700
31098
48860
17420
80334
63041
22046
16612
5295
50590
7645
16778
42081
39705
716
86007
32811
65730
17284
3282398
82291
26333
11675
53321
56596
35782
3191
55361
14905
32676
78493
17178
13806
7549
73574
78100
35135
75677
17456
19354
15479
79602
157749
66899
603948
383625
2048360
29298
69959
34361
14010
2452
106382
148127
1706046
69814
54023
3149
17567
63850
51664
3651
73117
80921
22859
26266
82007
133374
81389
80560
394760
77661
123234
80228
14984
71216
55411
6597
40121
26110
63598
48001
40137
51165
7978
77407
42188
15903
457096
67337
44642
11009
29446
49246
78542
52221
75921
14824
558078
40508
43234
40540
30810
42738
50627
20066
65710
39715
32644
6906
11061
17791
1178585
100965
15307
81647
1761
72168
23543
77711
14082
43455
53097
62453
171519
472633
67949
75164
46366
86601
1953
58559
5535
70865
913
12604
70867
32327
1866
67506
27351
45505
74811
3931735
439579
48547
1202779
1367138
19487
1720
17033
23037
38966
7505
18153
27535
37317
60941
82998
60145
85300
15635
1005870
20414
22102
79118
58832
6758
10774
68975
47137
80425
232059
15185
56950
85525
11993
26978
69196
22282
58732
93417
1677523
3113
4159
246605
23430
42225
24335
2072
55545
80104
46576
53226
110178
85647
34807
21711
87164
50450
9276
76456
66361
28423
86828
25448
81094
4109017
15110
22828
392820
48732
24367
84157
37614
10585
29031
969891
87119
45748
73541
20470
20805
39891
5956452
62009
70610
77096
2715043
13894
27786
41616
14324
24054
71776
24773
102884
53072
269436
49107
70870
36627
40664
62048
2926
85407
483840
59063
25004
50387
14893
494923
11848
70496
28670
42848
39755
87535
77293
65213
985454
11074
31438
17513
41916
67846
80267
137462
1344
62814
12603
6642
44451
34648
44422
11900
71583
47017
5164
74872
60112
48098
68723
13473
82317
9704
56742
2723923
8831
48452
16223
82179
57440
2985
47200
4001
45330
10734
54544
23588
68546
86603
62188
957196
20404
72461
52555
5536
116078
13718
20900
559429
17802
41338
79389
14538
78093
1692
70394
48899
24808
50360
48601
7771
2188607
492926
21912
53762
1882082
53157
17783
179810
43809
51869
15282
5916321
137770
73205
29120
13054
48261
27194
28173
70765
15566
78771
181212
66877
182078
154656
64454
424383
82830
55077
45057
5022
66763
978888
36673
22999
24233
27331
686074
13308
10259
81136
57241
86777
75965
373
3708
20271
54132
54410
2434
2355
3042009
87758
43709
18474
73779
23089
38745
1779844
9557
7289
43712
435339
63457
124590
4328
83733
74465
73351
10878
33819
43799
80907
2717
22795
61358
67192
173891
40273
38478
5698
2770750
452507
2004957
2970201
5746
100901
61213
16040
13991
56856
173751
52369
3404
37402
40216
11153
7085
42317
2621959
2182937
27157
46146
56102
35855
35269
19731
72770
70520
2599932
826434
9120
26824
1672842
38476
55742
73970
16116
21916
30952
353845
165888
48548
7734
193918
36407
37966
27483
37938
40947
1335641
20469
79078
130138
83227
59418
66433
28287
33225
555
27279
203417
17105
34986
9793
16181
31112
34194
24795
106469
35056
28444
3752
35258
40941
436600
2934773
39199
53660
37177
101827
16019
19544
57367
29207
57296
46281
78319
10569
431055
6402
63530
35240
52310
29983
26499
27021
71636
81957
82541
72866
5284
11877
102108
51659
13524
77872
83018
53668
6039
84103
7889
470177
25477
3572
1284068
33499
73143
18562
31683
80682
61737
48063
77691
2855
26419
20192
57226
87671
35536
57680
29348
62732
28545
34249
27937
3184907
45992
25819
84895
70779
37331
1665
71059
35762
81798
2953948
46841
3490
496
87921
62343
66572
41604
43538
15440
79779
64924
44400
29759
81711
3291
28188
7157
2558410
101410
81330
18926
35312
76991
71955
40471
5330917
78267
49732
40367
6948
45277
85123
26403
56539
1840
22357
17100
30464
6478
1569
41878
24492
54064
19728
25023
36693
50675
3630508
83237
18773
6939
36859
85334
3386051
52521
83460
36379
78381
63427
156628
40950
56278
74951
14787
32665
23978
84700
25803
80206
19655
8013
87766
85769
18812
1678248
34574
7652
68863
422277
77110
138481
14238
86966
55351
79762
82207
71841
54728
5262
47553
86486
38490
1709733
43330
60416
59450
67573
75520
19240
63888
76267
69930
16404
38122
603494
67248
116411
16358
82855
68627
46538
53287
13829
66510
22407
71832
14158
75250
80045
40229
34579
80710
84671
23240
38803
41176
86422
68024
78515
1604
1909
15687
7105
69861
76409
1354
9887
8321379
19920
169343
55979
60040
58140
36868
86587
55642
7838
51888
59330
34707
3285
38229
76164
59346
77216
52347
57906
17812
50542
76662
13347
10113
3776
67309
43254
91363
2025022
84230
50662
68952
54872
63152
21886
22873
66858
30249
20966
61404
20794
57959
35343
29742
45561
82700
23946
240176
84211
83759
33640
196853
4978309
1576190
9938
18007
83301
62568
81169
80336
68177
65222
29577
17269
51392
77022
3630271
62056
59572
80126
79888
25673
78829
31711
52486
16781
42712
42246
11948
70215
20193
47477
23406
46934
74670
72947
1551202
296387
41859
12896
21955
131525
2817617
1362
84511
229047
11918
1895
49884
223088
53381
61437
46857
2566470
65240
31712
18441
80576
52959
262342
183926
41146
70994
73509
17053
6665
26708
16717
66300
8151
82642
61498
856091
40536
39032
36864
54671
25309
48689
3665
31707
45587
82818
212295
50970
7168
17386
76439
44673
366977
45617
11900
44871
5706
62764
57184
78415
48513
57348
48415
64603
1983
27864
43781
55184
37105
3665
58215
44513
81772
57416
41793
3176220
8869
69289
29502
54776
9715
32026
79257
71799
25144
64946
21037
80525
21856
59964
1536867
32616
52322
22413
9977
87125
45304
393767
86061
1627143
66521
72034
35974
62098
76049
28031
54052
85698
80491
69131
33466
1678611
40841
78643
55215
70099
5918145
60391
22048
45449
32921
43033
74462
39146
4082727
31324
80022
19686
49391
50530
17970
73313
69045
744663
45973
431384
8752
55374
39339
78676
67679
9086
66085
78698
58208
78348
68730
28372
59114
2945060
1023
72091
19427
36022
9421
8426
449132
2991609
73479
35257
19642
200923
48129
32536
87016
38142
64765
31295
6532094
29358
92874
51919
18288
17581
1324986
1701272
4133092
143119
1181
45454
3311383
65763
22410
84603
81709
37816
48277
2575518
48188
46163
78039
22923
2148171
49474
201835
52787
8778
28204
1039
27420
30064
64595
2247
41026
40591
15818
11912
82545
35711
22153
3967
742231
32926
53136
26289
310051
86140
43888
45061
3283
55775
57363
25609
15639
80309
15900
31359
79940
76309
18561
47484
70449
30464
6435
82114
20388
71375
31132
558869
801709
613180
38450
31059
5825
51859
83009
20332
1032348
58450
1729601
57150
44335
79122
66304
58003
87303
18007
79410
52753
6189
27633
30293
20887
5254
52561
261434
15962
63708
73004
41182
76899
77885
929
67558
43134
66813
1243627
87309
197256
73415
46800
71588
31435
81165
10082
1819
38729
63662
7473
1338657
54376
25137
44167
44882
64039
8842
56547
83309
22902
11816
73811
42686
36693
86014
9755
43896
66650
52619
52497
61511
71527
48839
49939
42067
78820
44572
29664
290698
51822
70513
69004
70767
39438
40008
578
35523
233762
8950
1429987
57848
61428
39138
72606
49569
3088
50920
12897
4420
19225
56737
26368
65871
9758
70912
18535
85347
51583
42263
14292
2903
62515
24007
28283
83434
35937
26506
47170
12037
40411
17605
53192
23450
40423
80253
78217
36014
48306
20730
86160
54986
44641
48576
37823
43181
27968
11919
921803
79368
21319
54887
58845
57675
25484
42291
7167
48148
1337
55747
5192
4203
42556
62720
45897
60431
34716
75238
85588
48953
27598
62953
6352
47626
47701
10150
1430
190744
48596
82557
28707
77650
77557
45387
2562383
54235
19204
48365
81067
16716
62461
41602
21410
9889
82212
29005
38851
272027
25348
49825
158749
4610
85600
24067
48855
28537
21136
1633926
35380
69620
77178
16322
42744
63865
1269451
28341
52863
59594
7164
78054
39160
51030
14846
2115
19001
47838
84921
27124
425536
57372
26451
64314
85423
6866662
68462
5951
62917
51538
4048
71641
15658
74521
14411
75849
3372
4296
60244
50807
29234
77747
21745
4116
50796
61222
20623
60145
41738
76904
8198
66019
60650
66870
55355
1512944
84732
159672
84928
56544
20238
53615
73143
478523
50435
24303
3050
68558
1312
53245
74450
14614
29589
13216
27581
14787
16380
8306357
65783
2648807
29038
400408
3342334
5576644
45718
71132
78915
30691
62302
42982
83396
1951732
77969
46779
27403
26587
530607
10526
686959
8716
19365
43320
11065
26328
51119
8292144
85053
73015
21263
33216
18777
57266
8452
213210
30218
4153
25614
500613
8774
29796
14686
28679
14989
5890884
54147
68066
70736
3625
33727
24810
10604
52393
44357
46011
75360
29759
86659
67054
53778
32808
55624
58595
82379
18951
5813080
11849
9077
35888
41007
48095
31199
66264
86221
50473
61719
21386
40435
61177
18166
14569
83797
83003
417276
50815
42410
66216
74235
161758
22911
62986
52850
27522
49998
61173
14378
43503
11981
87223
53677
63603
26450
8013
18562
3435187
38592
4949553
1747058
3255043
15686
70810
73336
8210493
76536
66132
43357
13038
36281
35791
16340
3962
9777
38792
29876
20998
79609
80045
25297
70431
41510
65515
48449
27267
614167
70918
1767
47817
71661
1669
29117
14842
86750
1753942
83199
83567
29226
24128
60804
8746002
43485
42692
25172
55772
12510
44437
86441
15700
80233
82104
3916453
2909168
26136
81591
13592
118839
42576
29762
2112
54068
1244
53515
27373
81674
19473
14517
80729
61927
2768
59934
67339
86703
73484
67956
87692
85914
35436
49331
19834
71464
76140
38679
30187
67997
77626
39929
55459
44442
83508
232088
70590
45454
60376
50139
45288
40484
87013
64293
58747
81545
1720
62920
39649
75527
23389
45923
56305
34016
42098
9427
19154
61594
23588
86449
43715
23739
71794
60666
616818
160211
85333
142178
44937
58299
60924
67609
260020
70067
41359
11837
58320
52657
44569
56992
38008
73121
19586
87699
58273
26030
4202
55434
54111
34994
56752
27032
44153
71661
7403
59574
4947855
1983
437293
2883524
87369
54392
57253
68852
73748
2853261
50032
47840
65827
10720
42959
11469
24110
74158
58665
78147
42001
46820
29043
49549
73464
61113
10302
10647
75212
50202
20850
11436
80976
2868252
4217
25357
59373
79925
32454
12772
27338
53257
8635
38232
61777
40483
1701238
1010343
2845568
25249
81653
4942
75429
40093
50253
15627
72080
7156
32664
20691
63356
27729
43479
61800
31890
63264
23668
76194
20364
33187
87503
79426
7798
16145
46551
69761
115795
102257
43570
85045
339643
49598
34181
8086
40282
7870
74910
23125
201425
66520
76935
258
4377
30052
70394
84278
31895
381455
62070
30211
6264
60305
46560
70971
79194
8260
19226
48123
2969459
52379
68539
50255
6150
21060
35433
49249
25498
38696
76236
34383
74718
70827
15991
15589
54100
25982
36670
350475
31074
31583
86967
147782
67813
78695
83804
50024
8614
1446311
3662361
8206623
68478
81742
64526
3635
75860
58334
17818
52433
33564
62569
58618
76602
76713
83399
119999
60174
43341
14036
27466
66622
6918
85871
116
59464
27174
45658
86095
26101
81112
142901
15187
74577
41347
51240
90470
19776
37551
54928
78978
26847
25725
497300
61858
7226
16468
62331
73128
14485
14232
80535
27787
61447
35101
600
168367
17170
51301
4878215
147186
86772
3556
430093
4397
70817
80323
1037938
26916
80517
85773
12568
43446
14294
16917
3008412
10914
41146
70772
64289
63902
4093952
46005
6759
32084
4145
81321
68771
66797
70476
12639
81648
44502
49661
54247
45043
57371
26294
62801
59763
26564
5209
33499
81923
79831
72938
359961
27010
80329
5826
52365
15895
2932
49007
2543285
14334
79288
209985
69140
5042
46721
12024
398563
17524
58822
1805
45416
28701
48900
18740
31628
37116
53261
87441
68520
30683
87761
41452
43717
6162
29483
57760
47652
75450
17542
71187
9821
87299
56507
14103
34168
1034881
205611
33163
76223
2134525
43002
42442
42758
16650
35227
69068
12367
3865
69285
51883
39007
37579
6765
10636
81243
11676
85754
147056
2202
1354961
3593
76925
134562
78559
63152
44090
76682
158787
452990
64282
2946282
79564
9367
1993
1759064
12152
84403
528114
80371
12939
19891
1324530
2089867
1695548
21723
66787
437789
69915
73675
57566
87417
64803
59380
77070
42209
52905
82951
40483
59620
49628
394271
19326
119401
24578
20812
60794
65360
85374
128184
6001738
83340
16622
75419
24051
58560
171528
36342
31987
23941
23429
13286
8369
64037
16319
6458
52731
149914
48369
32261
74729
5077
73039
59072
39041
121957
547998
84099
27108
20910
5349
15877
48295
69058
4882
37700
62947
4839
78223
2569101
81441
22566
414002
53607
83975
81739
12795
85447
969413
104467
63380
49606
47861
36250
110404
156747
21509
29696
44763
84355
61190
65643
27567
65973
73118
928
30543
13759
351427
39563
36623
56518
6348
616
43728
40044
8786515
52262
33851
4802
84461
63011
15876
56206
71288
41689
2791570
25495
72308
16399
9831
51957
2750
86385
16461
1029751
33930
26691
64616
15647
30705
8279827
6119
6503
16015
79847
8424
1964
79404
61749
27842
71190
66828
69478
82177
25641
25925
33030
21426
435703
70460
12996
425408
40577
45277
150439
260191
18330
53401
33267
230711
6354
6574
63561
41999
44107
41613
3896
9694
2976011
1954629
32219
4984
39276
73591
81949
32110
4088226
4112
73832
61755
69083
68090
17083
22040
46924
83337
43880
76623
45194
46001
37357
7840
26180
10062
329885
54532
40547
22896
47319
106822
42337
44829
38260
18378
49934
65864
11624
49125
42709
34261
49321
608520
2984620
83590
72270
46316
12616
28443
49831
57234
8408
60758
74607
54473
56045
1882493
297460
67237
220898
289499
25769
63561
47672
36293
86641
2624750
80317
25137
24763
31584
46527
43183
59307
27699
29986
62281
83564
49690
68682
44962
69295
84983
7083
133121
1484
12933
67889
59651
21820
58564
27944
23744
80627
59665
60910
86313
16111
8877
30801
73477
1024194
66575
87187
10597
1765
87632
69392
2327
18667
19353
11777
86366
76417
48443
9553
79869
73986
415427
5302
25429
3497
84445
46275
33211
7219
16732
18247
99759
2729240
78996
29743
8080
37859
19048
21730
38699
18465
68136
40484
13781
731
30424
50832
141458
83837
2620
3948
73044
1744646
19799
43121
116940
28112
23417
51216
31052
62558
32797
77125
19437
43473
44360
73808
14610
7686
38705
361259
25528
39755
4769
31921
50168
50856
1554
8193
57944
67729
25495
62086
86177
45211
78147
3376589
31343
8693
34707
10934
3434499
46206
67738
7881
50250
36840
2721
38268
6528
14767
84376
83894
478445
452197
37076
70053
31347
17263
49690
21720
61516
52763
6129
2548807
18870
60169
1940741
34393
44860
35330
85819
82654
6751
89445
22088
13706
51330
82531
48026
21884
151502
62632
51404
16666
47075
67191
57193
61760
66887
138226
43398
191584
300143
6484
66419
7767
42739
76371
65753
76020
1657
48170
92977
45486
38354
19409
20817
1281182
19378
19414
9908
49847
89072
44818
72154
35751
11873
54147
55255
972900
86239
52911
996966
8380
62439
66227
2560
51806
24787
5836288
30735
37806
34332
13135
17338
14398
5870
29916
64719
28612
17209
27838
2483
5809
64571
1396412
76206
86389
23806
69268
51236
57118
249657
38987
37860
25934
63912
71576
52970
26538
36245
75818
60064
49432
84870
66829
79737
43160
29497
69986
50421
1141
83253
1044164
73532
3199996
60364
96327
73506
32989
987404
58587
15622
243983
479
71553
63632
53670
35130
66779
49049
76353
70095
69169
49184
39387
62346
164254
72549
87846
10515
428008
87851
13421
9972
66301
30645
81122
83090
6543
66378
65183
51091
27959
51530
51458
85106
469771
22060
80441
82527
46236
69838
53446
38021
44666
77618
30662
18731
11833
22812
35967
54164
86572
30913
428915
25999
21367
17703
37183
53058
34564
10755
14728
61342
3615
881088
71612
3657424
73579
69047
21283
8002
52836
27883
25752
1729
24027
60962
44927
27047
73252
39247
64933
1555030
25414
63144
30234
44706
2731165
85918
57318
34225
52766
20964
51963
72623
37568
1649
75279
53854
3174
52781
2895279
74217
63278
84304
54879
883
45087
500501
253277
36894
3685
24521
65204
974151
60792
7198
23003
43290
28685
2611629
69972
84427
63320
15067
59635
37096
6136
161149
69911
74923
975509
61226
69479
55723
26132
242837
45182
80815
14376
8759
49390
28447
32281
36029
71911
85203
24496
21777
83024
57764
412732
85996
72196
5780
173090
55340
3685
75599
58824
64140
47059
110305
50717
49271
48275
22735
30701
249348
8024
84354
33040
79391
30524
56747
124734
11272
86468
591430
18760
58212
64730
40849
84662
29974
3903025
2835
4865435
39001
47770
68757
24607
3348
44183
716
2908131
237822
45101
47288
279892
83991
74915
20059
69833
27474
70296
36160
1126
10892
1004151
77468
597
23641
148828
56800
14789
16884
86031
72173
26300
50073
24036
77972
43627
20150
30798
77340
58903
5244
68140
1516
8265146
77498
50126
19513
11732
41634
16884
33090
87308
72312
83421
19197
49203
51938
59438
45904
81715
64871
14618
58676
1896705
17684
153360
3002327
3219
74581
3479656
12272
78448
9121
13883
30856
41066
5763
9365
52030
40780
35459
21590
13693
46107
10698
84850
32928
66621
83575
32570
69666
62356
69555
4492
3885809
2856765
21482
57300
50262
5452
42151
56205
12368
46248
70696
78801
80840
6318
71826
40824
64085
25030
73814
81596
22374
87764
90471
63292
49265
44197
894772
2611
55404
54622
34830
968062
10793
32329
8446
80649
52124
22727
9666
40788
36441
894
25728
145779
18775
79812
81839
66348
28674
523461
10258
79155
55610
23288
75236
18191
27390
68818
170343
22953
57545
33091
3053
6505
70716
69024
65996
486318
4531
80289
343421
9163
420325
55549
67083
59010
4824
39882
5736
2572
13566
19803
3560
18004
45196
889788
60985
82817
83887
42315
5760
83393
27082
51134
33237
54628
42128
83626
13118
53940
76448
59690
35038
195357
64801
70745
178104
13503
76890
77610
49743
5923843
33406
86928
24703
506858
39924
127467
63082
29566
65618
3376986
66202
75756
12036
39571
24513
19255
17518
74337
142806
78778
16958
17245
83646
138382
17008
29385
2626472
86012
71580
25102
84626
48703
5591
44445
126935
3277
2982
40887
80971
76693
65145
364577
21876
11317
44971
1781
85740
456520
80144
6532572
76422
30353
2028420
365431
11125
39633
59936
31514
76330
14584
120238
17614
33042
54543
27288
120328
31461
28765
54854
429022
1768469
29650
33999
23086
70367
64895
15909
29479
83678
72778
1881
39782
77173
57591
54241
1267101
2016820
48082
78863
12225
82775
70393
6876574
30639
45641
81489
57467
134427
2113
45843
31404
43004
79359
4968
5044
3491112
61706
2758885
92907
78318
30804
39956
97009
72087
23099
40616
32311
53834
68535
44253
4987
66788
62101
7203
87560
59880
20074
75416
32531
1158382
19264
29735
79359
5915009
26946
86697
3568
80447
73290
406891
71289
19295
75730
62432
2864
4052599
65960
76392
18413
150427
39276
29578
5964
84925
26036
372014
68435
24131
2945432
17220
42703
58348
35437
64227
11808
15394
6865632
553662
5933368
13243
20305
31251
59296
3900856
105738
16730
50316
66859
62586
46274
61755
42208
13782
20515
21031
45610
68673
142678
29055
75283
9528
22265
16992
132649
12075
51200
63643
64498
68000
20450
62336
16710
58177
56642
87581
64605
2035
23390
28883
85348
601
43113
35373
67697
72548
27881
62591
86619
3258
44983
92786
24723
2023266
33212
57128
83860
79613
56813
12257
922604
64803
172416
22800
50
154776
24937
80957
81648
4117
8612
30034
38735
56380
82349
8519
4934188
569
78961
54870
18432
31910
33134
87435
8574
8418
56820
68943
4864
79867
28945
20063
74430
1173693
10715
75486
373506
1031409
466
34995
6550
52057
82064
76692
54063
27019
30936
66171
34585
49424
143107
367897
9301
303503
73520
65689
83382
26187
52340
59511
1030017
44775
62363
1890834
23399
2018546
71981
1338
44658
329384
592479
37792
83637
25053
31986
32024
64505
172120
2649
40553
86961
31369
33244
24530
64637
406260
70275
65011
20884
79666
39695
76651
47048
85777
8099
20731
8503
32637
10576
84238
84804
33038
23667
27422
53842
120224
20674
57272
76045
3257245
510727
74570
58758
12512
77098
70224
20898
54001
13481
25555
2642910
60012
28355
86984
82152
81446
1044616
80524
49057
5096
8444
29636
62277
85210
5288
7252
10049
1457227
62112
67528
65793
46873
52023
22473
58428
620
8488
69866
2906
62851
6618
12112
41400
9748
30206
100965
302818
28900
60631
30585
14341
72074
26498
32706
2584937
3031496
77810
16681
39446
81133
81054
1960250
22304
11420
24677
53919
177345
35614
82284
5875407
70623
74505
2223
779
37043
45005
38179
29515
50765
260919
28969
14058
19306
450812
70769
59267
47927
43740
42451
5758
7267
34029
219840
1086
69548
69235
1345940
21513
171231
74080
54097
68298
4004
87442
33262
15013
70581
85219
64437
35482
16153
86097
50627
30535
2591
120362
611379
79894
51782
1336196
82526
19501
44251
57883
531979
43487
1307243
37877
43620
369914
16435
19539
399312
52732
13478
35997
82675
30501
56777
6006
36932
79987
4747
35409
82878
1020351
78116
66717
37716
9758
50873
898179
75057
67790
3845
33256
34305
62991
45631
38918
2499
87807
42864
77907
13137
12544
18454
83361
64724
1002
1047633
15887
10360
53693
56905
68876
71355
44068
61948
470563
47420
1323374
59731
27321
52892
59998
35405
21344
21908
65385
66002
16044
5872583
40297
77182
82710
2150078
35099
55222
16593
638032
65734
46748
82105
466849
66308
27546
77142
71369
50807
30342
3984
8893
34032
52704
84666
20684
37931
1721
26839
4441
60053
51152
2497
77796
18558
19698
87933
8460
14054
74881
15833
13744
68126
9886
79779
17171
61584
140589
57940
110788
22127
87899
30759
87902
74550
56071
52471
17984
244399
63241
8773
41749
467033
18363
60985
32483
24092
56211
23697
52901
85014
7310
16355
29138
4705
37714
70348
40385
425626
8000
75251
23332
19680
46610
25701
49907
232230
3629
53639
87069
116366
9809
23167
3392
46626
16486
57687
458116
40010
38041
49986
24113
68158
9921
2886
440857
24822
67925
2682
85526
24886
12317
44690
1625719
58556
23148
29883
55692
28776
38751
15214
45104
63463
52390
3938579
65308
395888
86826
24836
59320
59209
32746
5321377
1030058
90255
30147
71742
42971
71484
137592
40907
8721209
146431
82183
109057
235658
13338
66689
61489
115204
33349
64375
32198
41114
1048792
87495
84533
29787
72166
47011
6890007
81561
64974
13970
58204
50959
79788
13562
60654
8208039
1444
9345
48996
72247
65295
27713
76501
307621
84392
25001
58516
27715
28981
246
4916714
77925
3403
34645
77766
44812
66449
3497266
20655
77487
29608
327126
78711
37649
41084
21774
6224
64556
46799
19796
14371
10181
73651
224938
80789
77753
34777
57583
5527
27598
13390
66596
43070
47693
210582
92150
5195
39861
71052
52626
2067571
759595
61153
63791
4743
74768
61280
62234
65683
54091
46607
71074
154028
71963
13649
59750
264787
156612
494712
25584
1249645
41662
64802
8728399
78749
586027
6015350
31189
42715
60057
1178
182578
14825
1803779
57610
95385
54458
22392
15065
85381
58983
75315
51416
51843
55691
48710
90516
79423
6390
34647
10460
1053283
115713
32838
2611701
15094
71545
67961
32348
35946
59428
55331
449
3233
28236
82106
9267
4381
149656
17873
5594116
58902
11631
14786
79728
822079
29209
63105
17964
36071
114000
13562
74328
2972094
81904
32888
28119
15895
5288657
2556587
146503
84030
7521
73562
62063
71857
46488
63981
47200
665
8688
56260
40317
17471
871796
75478
67347
503268
245229
1153739
36787
27433
10572
50587
87893
72692
40139
39862
19198
43987
82428
344207
69213
47161
1835133
65501
73924
4133
82535
25143
22480
29356
33681
43992
62466
502576
85162
57589
63113
31485
1732267
46574
137908
80513
973150
36259
72455
4535
20841
48842
28277
60172
32782
24817
890865
34480
77970
44981
48693
38826
44175
28214
476910
15969
47502
16545
83594
67639
52916
3293
53864
17432
43015
44230
2249
59687
66908
18825
49307
40406
100390
405689
1691
41041
12565
75584
21063
70343
23728
61496
5551
77046
44802
43839
38885
19066
38108
80629
67591
66612
67367
29932
76218
29287
84429
78931
48205
98462
188857
2982
21340
42595
48603
281
77929
69544
31202
9331
75542
148764
58191
49002
7712
9809
175882
62766
5496
202
81510
23804
36381
53642
77360
64969
60793
160397
8160
79297
16997
46094
1672
55536
67911
14850
9995
23512
78793
15279
419
66346
68201
50053
19015
22503
10419
17662
11330
33556
114618
20541
8666
1330836
21617
2536990
3985
3576
41137
15284
42794
69077
9212
25210
75490
27857
8758744
70435
6962
58696
64623
347905
75532
16129
29569
29893
22469
17510
8474
62453
57907
27159
120439
47853
21591
63336
8310
26420
15888
27312
4983
15811
79281
36299
85908
100361
2836
7088
60951
21319
45520
22201
51972
122690
47889
17650
77372
26237
38729
58805
56588
169569
71640
70822
33712
5591557
80722
10478
22161
110384
30151
19827
10330
26657
41503
59310
62831
1328514
52267
46350
79278
33151
45311
58317
8194
68787
80768
78940
11783
35384
41261
71422
29363
5214
7099
6993
53881
60285
70280
18937
79567
2893160
62450
73303
73977
76176
63546
36700
26956
52717
41078
16186
32579
79929
40885
3141
77131
44990
38066
31596
169225
73517
1524
192707
70950
2587
52212
77956
53879
17020
2994343
20250
28719
24267
7378
56248
47517
30166
22037
9275
32204
40443
49448
20618
23984
70570
75562
26190
35820
78779
139030
50784
3753
19690
77510
6513466
22079
48808
293614
4204
22808
69167
224262
17588
43780
47230
36244
76683
84022
22507
1759266
72985
7987
65557
46554
82196
66395
81960
32141
80247
8789261
3939
72551
24778
60556
6242
25540
9897
58231
12854
189851
110401
74570
8527
151229
4866278
61972
25075
81113
969576
52572
2901159
2770981
78380
33787
3241861
38454
56004
10659
74893
15845
40104
60644
66519
46695
39462
169099
2546000
51992
40935
756670
25259
77149
3948
5188
195640
45085
22766
53693
84157
16275
60851
80096
76206
85807
41263
46640
49724
63681
40343
10379
47035
43231
27289
76284
5779
24796
15223
31004
288052
80443
50339
674243
34819
591
22477
7829
80394
1626
65809
38384
66388
272656
70004
229886
6051500
87981
14482
251947
49884
46900
599
57362
490375
2865
122364
20540
71500
16250
12400
79091
8433
19021
28960
37857
6580
19462
50460
86556
68551
1742861
40536
61355
73443
22964
83416
43322
73607
53765
16087
43793
40866
3349129
59916
9540
26640
21688
2950504
55686
50166
20859
73673
25390
29317
33433
36142
62079
26894
65380
6989
76569
46729
33535
39919
21824
77207
34511
3996
176809
67049
17674
432
11637
196454
52370
29504
81787
25112
33594
52624
23006
160078
22518
62761
12676
76639
23474
189001
32956
43373
63844
13408
18486
60975
4085246
41233
42678
82788
25475
23103
82718
6136
3271710
1367
79955
22244
69825
1149
193856
72621
73040
58235
19785
49444
65641
6750
45961
11965
61315
47245
87326
63186
30696
6908
64647
5784
38200
4950599
45750
21899
9012
46057
78773
56757
418598
87078
75406
61136
40440
44988
33292
83988
83533
794
80876
44581
560195
4118588
41395
69860
186554
51844
2693704
12328
47088
49363
29153
6835
22519
79014
87640
37797
82596
33024
74277
14994
35427
64053
67435
31790
7176
1021328
18038
32215
85159
28901
59848
4760
19120
27318
7454
2355
972
6082
40032
58529
57486
66340
74323
58989
447913
45544
53124
2599671
74147
72070
991658
76895
18048
153990
141398
63379
84909
67663
80883
58777
4133
4914621
13784
20255
47372
11402
32921
54474
254211
41010
63323
61556
43023
18330
67425
421718
61135
10849
33613
62355
38892
69233
63084
27328
67638
20457
57857
62644
21293
10788
29550
65888
5367132
4772
75670
325050
115415
50576
11872
43588
40297
22219
32100
64789
59483
78533
42873
37363
22657
24544
51577
86195
16602
34736
71374
1274
87980
122365
87467
8333731
26589
31216
63977
73169
54973
42251
42544
59050
62302
50954
66274
53766
2568
14508
32518
32587
80660
1827
11599
38818
9088
48371
33456
13937
71199
59738
40000
46321
74530
110699
50932
62538
73645
60233
28352
71738
350895
76488
1046
718173
75418
11620
35807
73067
83921
80136
18073
53763
18902
21774
2365
53292
50089
12933
50345
8292
9927
167654
41131
61166
77977
44408
71162
31589
162310
67697
2805552
381900
46253
97263
20199
1988
52068
241811
45467
55544
7812
83118
16554
83200
4737
42146
17485
5832385
41144
15505
60933
1034978
39321
8220
70368
21876
89047
20737
14678
1052352
34147
77029
8445
42068
3654624
22056
764
59404
43380
18694
47853
6503
16028
51609
83318
1472
26277
24058
26295
83254
51611
6751
8406
70464
45318
27504
1012351
16933
599595
18485
8160
9946
50664
2600829
15941
71012
71659
4123811
41506
132084
41553
3920410
19918
1294
2440
37043
12536
36975
53920
64678
18335
43142
65046
35879
27286
2637
243069
40767
55020
45841
58412
18262
1031105
54693
70761
23872
21636
20674
71044
6912
14802
65988
76135
84499
73999
15915
8300
51450
11038
31325
45718
59414
68385
21148
4988
4200
358433
49252
61121
6547952
55607
52578
16847
48767
43671
86847
123478
13202
54887
5157
80799
1731
20194
3425995
19580
31195
75574
20832
18597
1627
14818
1330591
3327992
13324
1568
539
144190
1950310
15774
47408
246766
2910498
26832
31165
1046081
15087
21426
77841
27626
86116
15264
586620
43857
15294
16249
27560
9171
14217
120231
23271
80698
63034
53934
33285
24862
2867
161483
67858
27170
21741
35626
32875
14297
85056
38173
4464
68705
32565
30998
28228
55270
124869
83218
14597
1639378
9242
53804
20649
49372
29793
40207
85599
68169
13904
43240
84487
43337
42024
11664
4163
9045
3008473
86951
969135
82131
71245
80303
67832
41441
27286
907
32857
82859
57355
43202
29413
53113
4487
71734
53397
62222
68756
92074
30825
35141
43557
39207
64675
383621
30454
46148
46596
12202
1310
26530
1682
120426
74985
2410
34156
80757
2831945
34125
73717
57720
10339
53007
20482
71646
29581
44904
245178
50007
79141
24039
74484
33044
70881
155842
36646
18945
20300
31377
53790
49616
21674
3032
56338
74937
62389
60866
2597267
73310
600661
9018
5809041
2016420
11423
79193
84723
36324
14267
411210
79386
100558
41708
494420
80440
44497
34069
31722
25686
69577
54709
60869
204212
6786
82649
358678
41945
30978
34583
53019
58168
41494
39830
41022
9901
29759
52487
55477
35655
26800
86780
60918
69042
997103
10668
1044049
1321934
10886
2632459
49012
77469
13446
28683
33113
53522
15580
40123
27752
38430
24146
77040
2469
40898
47890
42029
60102
13871
83604
44543
216435
21434
16135
60266
11382
15918
85364
44063
29461
27715
20082
1007586
68932
22584
8290610
72038
44192
41631
2978939
18780
878
235759
17341
55630
175219
38589
64109
84788
136458
522215
70558
6880838
58061
274571
11085
28559
18786
16100
32966
54179
17870
1992934
22377
45879
7053
15807
147952
50873
53073
1002636
59465
82864
257837
24239
43088
34610
75750
66088
24948
18531
81180
4952821
615870
30611
3387
5967301
3067732
76289
15947
36775
343521
59259
27297
68337
56578
264583
32789
82694
11618
8176
78429
49107
20620
19984
49828
1842
35495
55087
1381
25861
30249
38195
77337
55905
22744
12397
59000
18574
67938
4959906
36598
75110
56710
54979
50404
49073
282392
53925
36103
37756
9439
78227
63361
53630
55891
3686
24643
48874
54394
48092
26995
49257
2738360
61339
42326
56744
23588
61438
57453
30594
6840
85474
53488
8225
50057
38042
15535
53796
16756
64668
4936
256283
57910
44623
139869
47522
99770
4059
51360
938191
10252
1047036
19794
56786
33646
1126
43758
26437
13740
38345
60248
58981
26916
58208
11266
1938
10585
45247
25190
72825
75961
1054
66959
55288
24085
43322
60670
69991
60327
81408
24658
71807
4362
72294
67666
71508
23778
198786
78974
82892
977828
15903
713151
71195
85992
48791
36623
29914
82377
262746
2769746
32857
60019
43298
4948
8958
100975
6680
38483
32952
12137
38177
16795
6164
10206
25479
10118
41385
32771
31312
668
64956
15466
20534
69934
1400
79415
548
35628
32251
44235
24242
31610
17950
74859
10721
58118
56409
1238243
478901
4967
44079
49730
21644
1755210
25614
47315
80922
9289
69006
35865
67960
46152
78203
51695
76603
36048
83431
2518
50155
51763
34916
13474
64830
27744
58663
33602
1040519
4872
5362
82419
6947
80126
8317934
76270
1359
68048
84407
65064
32371
83380
6633
69094
71836
53112
7360
2160898
87125
38304
56848
74024
15545
6681
18404
50593
80004
8566
2808148
48899
18066
13661
72033
1009716
78709
54105
66816
46802
200728
36391
87174
4332
50502
18836
77214
8268
60607
26733
24205
83617
29530
69180
55336
30600
14940
80706
17240
9323
9557
57147
27824
3063
70920
59090
15410
22766
1965
37120
47780
92523
11303
10375
40421
163880
3729
1950231
28709
3317
556203
1690442
14392
359036
812403
20457
84614
3228
62054
40505
80878
61195
18907
56892
51673
14725
17218
65245
6874
186218
50534
86995
76060
9387
57292
74062
74723
53325
52941
46172
40734
160651
45460
86574
85011
24877
173022
82199
81399
41391
24762
26557
6329
60598
81375
71060
72475
29632
164
17698
54027
81303
971319
77837
134443
20935
21992
18015
65509
45550
76812
84755
70357
50549
86451
30122
73337
34913
6380
416843
63186
33673
85179
44439
45963
83807
63220
51293
207066
3202980
191828
21087
564068
159727
97280
406583
18480
15390
83013
6545
87222
113488
62812
79967
462831
2185
45973
83365
91294
238310
5544645
9382
49846
52121
84185
48927
86569
51934
68272
424455
3002796
71302
76494
81473
39996
51351
69428
82259
84789
38430
2931750
10285
24284
66194
81268
35094
62487
47669
73001
48137
10150
85516
6447
68219
21913
96225
21761
81135
62427
48652
46317
49673
15732
8629
8753
68717
78984
1168
14572
172997
33670
36312
55452
76014
48420
11390
21492
40306
51627
68677
44914
23845
119831
53355
41693
23203
3828
240394
75808
391554
51749
8558
52848
9441
74372
14543
5326
27185
47199
59957
66767
20769
35357
6041051
18185
80060
40673
5467
49543
2968628
72447
14400
54581
36092
22920
21490
2613777
4181
6369
58007
35402
15131
16197
52668
40416
8130
146063
2905
64315
27363
86845
15734
77904
56821
34026
33770
2595787
49617
129698
16529
3662
39734
77153
9506
74921
16141
81682
82839
58610
22035
48381
16120
57549
7915
12447
45579
71469
15569
60229
85909
186406
50329
67457
17738
80902
84943
13208
54247
41995
3071494
47850
80402
65873
48500
78753
11816
72731
2331
36432
84825
33867
80536
17910
6278
45445
444785
54270
28404
23258
30253
70571
28797
52146
52202
25830
28056
1018018
15209
67945
68333
67409
10487
57185
413376
69360
360699
54881
2018604
402001
55386
28952
27187
17981
39329
54384
16726
6267
19296
40761
45303
67411
106263
10802
39138
1037674
70611
28235
64110
21293
29919
26988
4476
102584
26625
1157920
49247
28456
60826
14935
33798
49271
8391
62388
318289
80370
17925
62530
2496809
63184
43340
1482435
57485
62832
53463
7153
3312341
56816
50711
33616
23590
34736
18212
37866
62479
63027
62926
16304
83860
35020
73661
42356
14115
17264
60735
43032
18474
29643
33346
2659379
10145
33708
52245
28946
67494
518274
1326
47062
77543
42425
917565
17298
87618
2884765
6710
23920
73270
1919929
65059
29945
86770
45119
61960
38301
7709
409966
50183
81888
64354
48292
49164
28008
39481
47103
82663
27709
69153
80196
38532
31148
72246
10480
81701
52873
70438
45058
36319
17486
1029814
13828
1959017
51229
34819
16473
42566
76425
76141
4584
28251
77449
2190
65766
47956
2595358
55664
21861
77849
26318
36991
31391
70430
275744
12365
5547
31319
84802
24244
23894
50300
16485
12112
104518
71391
30574
75455
53168
39785
2971
62445
83550
58591
11939
16158
1753
63901
4158
40500
6588405
5430
1422795
783
45778
64398
44354
8261
29213
25354
37760
23478
37075
1164556
39112
63970
13944
63620
34049
78465
44474
11996
20529
85968
27424
8231135
65934
272710
33087
54955
64074
9922
83743
72428
6440
2171273
148269
82080
14046
36379
56077
12171
3421439
12024
27535
909699
504232
15271
74757
50506
69446
51581
77520
15919
7148
68322
80289
38880
31509
79087
67598
35504
91252
2589
22796
64058
50150
77908
3654499
380
910820
41850
41782
1858233
156825
4035
162047
38715
81357
10597
21725
50522
39578
15301
71733
450090
67510
5418
19404
20383
67427
11583
79109
3651
11734
200102
20131
2228
155681
59642
55884
38445
10504
79937
11248
26678
1032914
15819
76227
50144
51249
150909
35346
114108
39618
46958
33987
74931
29060
45809
3797
54104
10876
32299
45083
26525
311
13526
69438
62060
2462
43875
7689
44182
50779
63875
24651
55354
6934561
68877
626692
60494
74098
2546504
87142
3051357
58680
27871
73514
4340
20955
62561
55698
11074
7199
72585
2971188
801
15788
87779
31873
43140
33792
70128
2098539
5494
1227860
54327
66463
1322656
64715
1662263
22388
22188
173319
34584
42135
76496
64780
63589
45703
94269
41930
47666
41545
50264
117299
61793
12653
74238
981891
39439
77900
8235766
57099
5239
19496
35466
84632
1345
1387083
37479
66556
18300
58808
775459
78804
30614
26042
55847
303
367690
68127
6563691
78385
36708
70771
29724
21307
18098
78013
184100
27216
32650
33274
5511
87781
37074
38602
4092146
813472
69033
47370
54287
75289
2760636
83213
13046
32787
917805
39838
411390
30389
64877
62027
477285
66246
4536
71514
17136
70308
3419124
40484
49526
66561
78049
59709
44120
85576
86612
36175
45793
28273
68832
82383
71897
61064
86488
45413
48827
261607
21665
53942
67520
25164
65189
42146
42028
50812
7151
20979
63264
46869
4327
14758
35558
1038920
50370
81220
62870
3818
19701
83119
1038988
5900
263701
131562
28144
16709
63910
74598
60062
86330
47161
6572
60946
10201
3593
64533
23976
472263
75172
50159
87253
2700797
61847
31104
77013
52142
53111
59233
39919
17871
44122
12376
25692
1036712
80394
80531
73957
56443
32604
30200
1018148
11967
38982
212990
6886032
56978
86526
97839
54992
56602
16165
7046
50621
8312
19592
17095
8442
62501
19548
943851
8904
38311
12776
49596
19238
78830
77840
686046
78284
77705
5300
70695
37271
86202
61342
73431
841697
35829
18848
86497
76533
64969
30943
41295
39505
62043
55312
8239167
155143
6941
34101
19968
65082
2040
45830
20647
42865
87719
2911653
8048
77470
14519
9380
83086
3206355
59416
48810
169789
63290
50974
63815
19135
84372
443826
79623
66946
69679
85675
79965
482082
7989
4
79081
39626
35436
77846
10134
75923
47465
5903
65352
53716
6893703
37291
82100
19153
55287
70838
43803
1031816
27256
38373
19953
5649
210345
76184
180518
11283
25909
30451
25241
74160
1956
74556
512380
87000
64764
353831
249188
39845
17296
46440
45158
87504
11536
13886
143804
45719
26324
1693
38145
428525
70522
85354
436633
17083
10518
56142
17450
34597
43918
63763
5955
86952
40743
17719
37121
82735
32138
14117
195749
78361
15514
74868
41399
130670
18931
3575
37159
12242
52326
74655
21529
13003
41257
67710
69266
83864
68110
44526
25690
975799
32092
31111
72373
87653
63914
76529
30443
78824
944694
45283
51170
6881
49163
134609
38476
22761
40991
50022
28358
1086
42869
55132
82304
7801
63239
52600
25065
30851
21962
18188
79807
62800
1022424
35225
12661
4881150
57655
79706
86709
87901
72884
56014
46283
39566
85322
49745
79812
65623
36289
7975
84011
70827
10738
122919
39418
72308
14656
47867
44038
52248
16683
1729
86562
430677
73920
1049040
56786
81229
8796
57352
62438
44132
67330
87885
68819
11607
73009
64779
73852
218053
86868
60320
44176
68612
80329
5345476
64313
16137
87128
43678
57857
32234
22495
39324
43479
33027
11901
33649
3266872
78309
38522
2702095
29052
48457
76392
68082
33193
16260
130719
49982
11304
77140
84034
352523
45611
42907
450116
336507
10812
4331
3608
355
86746
59631
1756997
52981
32974
20669
73255
54136
142102
44357
82783
19224
69222
27529
35531
65260
2693
49004
55132
49643
6301
19416
72359
57601
4475
78566
45406
60056
14916
58170
73374
65603
10843
436458
8005
1589585
1032835
65212
10359
74586
725351
53839
30081
85017
413101
63186
43614
237005
465612
26117
6479
18263
7452
236462
81874
427089
30698
8815
38076
76681
2642518
183848
84313
3310
63227
31890
37752
87254
85076
24907
73907
28982
50791
74495
72194
60743
1039947
21231
54261
71495
16316
23729
46768
60601
59148
38995
27554
17024
15604
85390
87607
36203
14574
85998
14093
9355
43665
31447
45276
83593
28626
74258
22150
10625
11810
4084
201892
59107
60094
12032
244595
1840
19055
8997
69124
74252
382034
86799
76357
65481
133211
37815
32119
2800
13798
2488696
57254
499053
60350
26226
16987
24408
84221
76355
4141
1478693
222181
56300
48131
39892
29079
84322
66945
36432
53266
432
80378
72776
65863
76882
45735
73125
34364
38533
1401634
20823
10497
44906
3182649
348
54644
66817
43549
86100
35159
50564
19906
22539
81078
80614
52101
53633
55808
437
44929
26128
77888
51957
24105
34212
87392
28882
40579
28202
79843
26304
38876
411521
2195971
89069
47977
45190
47080
44197
87910
42314
27116
1548
68431
73381
317516
85523
59945
22745
19293
61758
81743
78026
58901
49123
56906
57304
66321
67158
73172
4328
154848
11131
1726733
80306
36248
64330
35215
52958
7214
26779
14585
26804
48793
35890
22959
49882
20347
69236
12356
762
75256
19411
69885
35001
6045144
21120
3008640
62776
69178
26305
45637
68550
30197
42404
1997
7646
40162
36210
76582
78404
1035776
54207
50965
11647
55768
65049
80047
70144
45667
4433
21528
26301
14720
39939
5941236
5805
79270
72817
43299
7726
5383
69737
75889
34463
37353
52590
63152
29162
32534
14232
67290
55522
78241
47112
60227
72458
330846
14337
13250
314
42686
74717
72938
11351
79666
59618
26959
6676
15728
63992
5271
78981
59895
66068
44401
41232
25315
67462
79970
70380
83781
64660
39222
5312
42458
14109
77900
65585
29099
21309
54509
78705
65153
77457
10750
75179
56407
57703
8509
29570
35546
26448
65121
65354
10909
3784
23599
12622
17943
38739
28097
17539
44351
51696
100240
438563
53701
56216
86189
480223
85648
43309
30664
59356
17968
50826
73128
84150
52099
35653
52464
65851
6451
8687
46618
26564
45797
47259
19868
73376
18954
873
47282
54014
57486
41761
73569
15452
44760
64509
29333
2745
61673
19475
56257
22410
82381
13155
140357
84351
56845
37815
80802
6828
37087
61748
442696
1035838
15782
6013
67446
32307
54981
51686
65054
34914
3085
6705
68091
44258
402712
57923
22381
59523
463728
70552
58627
4786
60397
7272
15873
81619
2865897
24389
85938
53341
397762
20292
71931
65680
18972
50929
76857
36560
20390
65101
25023
71868
32809
6340
26725
39866
78202
20131
95097
55662
30686
77556
49463
31033
82793
28289
37705
25342
4346
63088
1598
57455
3863
54078
3375259
246878
63476
60124
61607
36448
27616
64959
203995
24628
8190
63471
49372
54211
6625
87938
68090
36735
69345
54244
58049
115485
80438
80288
43251
3890403
4942
3877576
26010
17635
82866
9117
80496
14837
46374
73159
272506
50680
39344
51884
37514
12776
65929
80830
67108
35762
154593
74387
31744
61010
18820
60844
51431
10606
83302
23191
57956
5939945
22770
662674
31754
65553
31121
11514
76810
26274
656
22833
17624
1252
74304
19248
14574
19276
21989
68603
74448
58569
4241
23631
74114
1818129
34751
16676
29873
36955
40110
84117
52482
7312
35225
6016940
5984
4093437
77275
83327
92410
38745
74818
8606
87661
131725
74434
81102
34829
9759
8351
73419
75965
6427
75705
20197
24735
2303
75645
35727
69029
30177
33270
79454
1036416
54709
162307
46087
46693
61343
41571
83143
33000
45035
10707
56572
5385
44817
64886
1054336
45856
78322
28140
48778
54150
17638
80981
131332
60795
84327
511637
62705
31889
77083
70311
80847
29783
120724
62007
2920643
46524
52067
49334
67483
3365768
3206
43327
29679
33012
56233
49345
59231
17122
61549
45721
63577
81719
41625
56875
8394
5121
23703
11673
29107
7471
5821
42456
31664
5036
138482
66970
75485
60026
14979
84808
4266
19592
48147
81028
43146
25240
75783
76748
22463
31917
1227
941497
8670
42772
72349
28058
8803
18831
85877
55866
82303
107905
38680
57787
76256
85509
15901
65620
127380
16606
18059
1995400
62170
60247
2756594
82405
1763
28161
86576
67000
24851
51890
19756
76004
84948
6247
43082
35223
87272
65796
9217
59468
62063
33267
55090
63429
66863
47113
134488
86862
60630
107007
65403
8598
36425
1392313
4975
46904
5756
61365
59390
68922
2958286
55810
41861
2696
58132
75769
11053
81401
85108
156567
23291
56714
82280
24283
8460
75589
840731
42853
2504145
209588
64366
62941
84670
38101
516693
12599
39520
41810
83549
48756
57688
334116
68727
605184
83953
53109
15070
57764
81275
11202
82375
24089
21851
17122
85253
13420
62837
138797
37597
50890
87442
40082
18324
61119
25055
8712
63327
76625
6010
74093
22345
52296
41076
84102
65551
60561
16005
1461
43666
97637
39835
78630
913
8569
35364
2077621
30270
54736
64428
24264
44702
69389
58837
71579
264558
40999
697
1666
35689
85315
40765
800656
1648
30054
55480
28137
21204
62964
6410
28946
406220
153584
11930
5318
56116
52044
78005
64222
55911
162178
109216
41327
5155
28237
542641
86213
52528
31147
6100
58927
7249
70000
81108
59001
18260
65918
25619
192722
26743
76041
75692
84692
9546
58556
70697
517890
8343
48476
43324
18333
51304
99244
23581
2436
76048
63657
285138
58327
2988722
8148
232378
52048
3183672
13478
16574
32757
1035734
1587
30909
91872
6495
5175
30446
1613
829
29107
84256
18155
17104
14354
63649
68590
79462
63506
43686
50160
4079
5527
80032
86537
78884
26302
38451
26824
27941
144665
80357
409249
11311
37025
19807
4065
60154
30337
67567
27889
67630
68040
13831
66167
22555
87885
15448
26236
35095
37522
42983
25019
61387
48017
73388
121738
80102
5293767
26271
37939
374719
17324
20925
18824
20702
2542990
66767
85425
31624
74635
4565
79067
75907
28824
82473
48455
28681
40223
16767
77673
53234
30496
15258
80669
5146
72568
2981678
26629
19928
2893
1039074
4037
56740
38611
26828
76194
20612
63947
14392
47028
26804
73430
70102
59344
46281
1260733
43822
8097
86287
179479
2894
1904420
6394
21253
34118
2104827
59449
75535
81777
37024
8486
39199
82730
76463
24536
2975
1681572
17517
78527
365101
45697
13037
71137
33198
47927
85299
32131
61168
83895
12218
81785
34111
9597
21715
23314
177903
35871
183952
33956
58534
604
68741
1900249
36250
27852
24822
15703
2788567
86184
85250
21130
22772
132886
36151
49554
30919
24063
8250513
34145
36238
15838
81103
42763
47638
78066
404123
3078592
20101
65207
16015
51503
60784
6815
25973
38416
35395
83103
64721
50124
50761
101323
36725
14573
112080
4044
24893
3489555
26045
1034243
80420
321456
6526564
16976
41781
70579
2204
66519
237868
49881
43367
54234
45305
75005
4539
30500
40042
57540
38752
1947226
84228
40209
39415
8200
55781
24774
72593
84963
1851284
60893
75644
30789
7094
6545
19057
38280
32146
969236
122302
55517
12092
33175
49204
26787
223501
71271
69023
34034
36963
77317
20831
79900
27618
375556
36415
44111
25425
24394
205002
57268
18665
76340
28363
325442
68437
1930
76788
22435
40149
69994
56366
28954
66074
67026
17035
19503
2800729
5303
8821
14583
46348
2010
8866
55151
5913
11189
13571
11564
10022
31522
20191
55558
38711
6742
78470
22280
23418
41690
10232
930
32517
37054
16354
35528
18624
172725
6209
70778
24200
65147
67096
395890
19009
3473117
657
11920
4309
8258
60921
143012
10766
684843
73790
3445
65548
44201
68871
923
13908
58544
9623
62336
42194
50928
5390
49698
68611
82659
35645
87398
1446176
44673
56628
58141
73783
48777
19498
68277
110338
61546
50346
59652
79747
1585974
1988186
5014451
5310271
80065
3661
58681
8131
111101
17697
37335
43446
53365
2764860
86261
77515
53924
41010
81604
2571885
28792
84283
22309
17875
944
77651
76034
51213
54381
2853470
42064
52634
51738
10761
10809
25661
27137
85563
111645
229523
114667
2944958
80218
50272
10057
26029
51728
25462
12040
45014
78176
48196
16988
23007
4340
44547
39327
66923
73064
223770
39705
49687
5115
49516
1814201
63960
75229
2882210
52223
63643
85744
27687
74177
971379
40461
63810
88647
50012
440825
82655
57667
73817
67181
22886
8927
31477
24293
21632
178525
61430
65925
47509
3488
77935
63099
69317
24403
62536
76159
52258
13020
6864
509853
85937
59851
39864
68982
38398
67304
62533
65076
69249
2886342
37873
5506
29045
4108596
27789
48149
4092534
62014
74215
460
2958208
49914
20420
56994
45162
81705
26524
2519
69493
69807
48117
4446
18182
46852
6093
476612
83484
36868
18082
72673
57055
24101
82757
84305
43199
78142
306171
76639
86564
28603
44377
77874
30431
28156
21971
420248
54135
54651
84625
65803
55433
43740
28079
36042
5819244
1316
56509
105812
140893
48359
16257
1011026
73436
364396
79544
116236
142383
64523
84265
508236
76588
27803
37943
60271
60765
15972
30926
79800
64757
61973
7898
20871
38225
189636
71337
56893
274399
76527
7593
4051551
10827
41310
43196
38729
31799
9691
31680
75389
44419
29144
43786
83598
81037
585
62575
39237
16621
24819
50093
2775595
69952
2467
27171
39148
68704
3057966
6311
2623835
575954
1712
87997
4866296
43020
14381
77021
66690
275059
79276
78630
63504
258579
61840
8044
34224
62208
15950
3752
5439
47383
78949
38775
62386
85700
168754
24930
41467
12778
2912599
48906
38728
41366
21142
36686
87212
70965
1043606
35418
58443
2896076
1812554
78367
1006305
44285
39505
42864
36820
63229
10052
35546
24568
14194
9992
58264
50584
270559
72079
68523
41185
12993
41422
17447
75353
75655
8030
57702
80202
1322
35529
71018
71034
85219
80110
6069099
53989
70280
211
78425
56830
43039
1875
79097
52786
21672
55191
9573
66599
85038
81327
15315
9349
61121
33043
17310
199
63632
69228
5411
70156
28471
69214
35637
23948
51860
84170
31829
58173
25722
71185
18220
2099
55332
84631
21877
36301
76789
50666
15697
38598
56634
18768
45467
33239
51338
78392
6977
30232
3759
30106
1695554
16084
97442
68151
760970
36502
76416
26307
3549
54921
6938876
3246094
40489
60496
69039
2896687
22937
557776
14493
58484
38284
4895260
84648
10109
51213
1382627
60733
37605
28409
7888
4868392
12645
62481
376064
50306
70971
17504
68785
66530
41188
11428
59003
22715
58608
44477
87974
72320
31961
84754
54167
39692
25525
13609
87317
1732191
1805
22839
73239
20174
32166
73872
35718
5307290
51036
31274
45029
58694
12869
68856
66347
62000
48669
123689
79444
12344
55938
22971
29786
424004
77616
7509
19976
15632
73904
228600
5627201
94377
50977
44394
40857
48483
11572
8558
5961554
123165
15746
24946
19049
60369
18983
11069
53791
18500
76409
22498
67670
26880
82260
26534
53106
35146
52532
61944
53429
84818
82814
1021024
18674
85052
37316
38101
83474
57778
17925
97132
80772
8679
45812
74992
34509
64656
1874
11259
74908
397
14976
23625
75677
11073
127012
2793791
51267
20266
982282
284646
995122
67761
24136
76059
61825
27337
61630
308897
72135
24045
38444
397052
79410
57352
5812
52325
56240
1757
22797
65489
68487
62065
35841
20904
81495
544
987823
76418
42590
41433
13371
24785
20284
17515
5552
68275
60087
67268
12861
75977
4452
71941
45005
34205
28659
23144
18722
74141
1025691
81940
8368
53501
13158
80675
87514
68657
64611
73938
20634
31997
23765
21050
32547
30872
75644
42128
15373
19330
82803
30744
53368
250970
233020
63399
484216
24175
2434
104073
15935
33339
71057
359530
75691
24124
75199
47771
46250
112165
8246845
33132
27186
472627
87598
70449
53998
71168
69479
15845
4952
61996
1035033
42889
54547
15424
1484396
51579
68421
5623
78643
42226
4573
19899
14982
31858
77507
62084
613267
580046
66029
46779
47108
530404
40654
226423
48357
940672
5618903
33578
89731
64879
31970
8170
10835
71727
11805
85059
36989
234529
28487
67204
3460
76412
72215
83851
52401
78280
43347
12368
38527
17982
54646
6876
23621
62896
19214
3829
5385
45155
19265
74650
19000
50792
46972
29809
14790
2117
57104
67979
15350
67140
71054
81215
56046
72359
66132
43034
37961
3763
77451
73729
68871
17874
44926
33386
21631
59089
63045
48524
69011
6594254
84769
65509
49141
6028372
116847
78985
32291
58976
24259
61263
58397
20776
7689
19636
57235
42835
21694
118061
85533
154029
47698
5406
73113
72043
43575
57295
199743
57580
52384
60508
76650
23260
20125
54718
78547
26330
15660
63499
41749
62981
6947
31883
41047
66121
491583
22807
1683895
11896
44372
56111
39248
37955
53684
513865
82552
69996
29899
77861
349753
53417
4061016
5382
6552769
72263
43946
2774157
81795
34587
35551
84085
80099
66078
26586
60389
49199
50372
71355
65915
67739
54112
49695
87866
70129
22818
72228
3203
45324
53424
454576
11741
66266
59745
14617
189344
4346
70460
57722
464102
27778
47264
67276
15171
54265
18401
195484
83265
71117
134082
61393
196
19686
75461
33285
41948
6015750
57572
38452
35502
33434
83839
58827
64437
18663
2609109
7672
25761
76622
9657
62175
21796
27591
24191
2752020
41796
225358
56192
5308343
74275
3144
43243
43501
45329
35134
29062
11193
4067471
73341
22557
71354
58739
18853
59368
21965
22681
5893253
4901
17532
2587925
21355
70992
63296
40867
51228
36711
2110734
2896843
6902691
2826
22488
31600
21372
65200
1077
79226
63602
76486
168444
3685422
14126
47135
74940
81891
56769
36700
3231
39552
76279
29493
17511
7493
70560
80446
11865
87845
4658
19817
86512
57387
86302
1776747
75279
34921
18830
4815
23655
70566
62663
28883
21889
34623
561146
16925
50481
22521
75521
65561
1503158
77910
57199
51754
19738
36674
47568
72247
46262
34761
35189
51320
83340
263074
4556
30350
11312
87870
37369
62529
1512507
1714782
72819
20291
74403
2182913
5003
15441
41682
55858
16450
25517
54663
60919
30156
120538
77593
207666
8204
1036788
2999722
82522
23372
2167116
58215
66702
50494
392849
28381
54884
92945
49193
152321
1041505
66504
18080
59105
75624
7363
65525
26400
148255
10968
45545
29005
21075
51532
10221
3033002
13469
61017
64724
58046
48743
65883
29787
79050
12182
36724
60160
93367
97709
50679
26685
10314
14586
74775
62843
24642
45345
423747
15052
12888
52240
52423
3105
31871
36615
48597
24940
27982
41112
66510
64265
24049
42617
59579
66815
75903
33959
106336
2381
2970466
5039
52986
66157
3014
68802
26544
1517
7422
58780
58454
67070
21758
80237
61511
5853
35332
748808
235497
4527
133785
35636
8354401
215559
53271
51183
18810
30398
21413
26612
54216
20898
60249
69179
7506
29146
1891
8484
55682
58269
74774
3008016
5566152
1025729
58514
4578
27821
30062
36571
12871
60414
68252
53403
62493
49181
83492
27123
8722917
2598215
151058
4152
73568
83533
2572219
61446
3448928
51441
69311
73173
72463
56173
86978
54186
35260
7773
78304
54003
69281
50155
81812
36453
61194
45269
26677
28312
43192
71596
55837
42234
13839
32765
46273
3691688
20160
32076
2049747
66435
36293
219
75111
31675
39267
70301
2650
2745777
23766
552704
15631
28650
1189451
72934
71104
19227
1009478
702043
9433
59115
75316
67516
20142
57122
49827
25778
66850
50274
25241
8437
53855
16349
914252
31306
2135
80859
19644
67557
378212
52158
79786
24998
31068
26327
14999
75367
71607
71187
51682
86604
83684
148636
204333
46228
57033
2497001
34115
1041741
86956
53829
59878
71848
38267
6379
38217
81757
21242
29567
12740
21342
23814
57581
32397
44107
16229
36683
60678
8751378
87710
1003394
44926
52769
87931
76072
29611
52264
15716
3627926
28423
60956
81612
32030
72067
25063
6233
46339
9517
44883
384
24376
54529
64076
84342
77236
40583
45102
20518
6566
81034
20525
50907
40580
81638
4121446
2204
15018
67409
75673
48947
66739
28123
27774
6522964
41550
73017
369022
52205
35098
28483
2023636
32414
28130
41758
87204
72426
26913
83038
466065
31985
31181
63237
458659
63842
26033
61066
81214
19395
42018
57908
77562
45826
13874
36587
84049
72497
87433
35763
80860
80044
24141
3012
33711
84820
24428
19730
25621
18894
72985
10711
320384
16058
84250
32681
42527
82208
310120
6058
508957
37912
46748
22930
13956
34672
60096
12857
78089
31426
52830
63841
43724
69649
79464
10929
80737
6414
553518
39623
4719
52726
11499
86356
41329
75271
71349
76945
11869
16225
85099
6406
87513
20277
84488
77416
7762
54772
42058
23866
56565
72179
82934
1279
86432
45721
53128
52534
87759
56438
417626
9567
23551
4926
35296
57102
11209
169090
31447
56444
77804
45084
344373
48650
77733
1055393
34548
49522
16171
53743
16153
3287600
15472
80844
98796
57719
1016809
43814
61011
54034
57369
63410
45597
4771
73400
10355
38111
1044759
22521
53017
3159
65665
469356
63425
86848
17968
22023
36707
15318
27132
27174
14696
69518
35285
84644
34722
45456
35515
39523
81597
8739753
96
75853
9743
43714
63843
219186
19721
8022
18237
79331
23925
41508
1241863
5812372
46355
24175
61400
37575
76899
56620
29536
42168
520130
81892
41144
35190
1420127
166262
43242
20778
17598
983227
55640
9958
657
161763
958229
75866
9072
80521
64875
44214
74113
70677
34606
221611
6937
77121
85223
13531
19594
30991
13274
18514
83368
19791
22884
44484
8799
29924
87566
32340
62019
39977
51578
83788
17349
401415
59813
25901
61900
5700
443063
61417
64395
1027688
49139
24041
19373
1126
26768
15616
29101
1969
66005
68595
20334
18688
53380
54289
54963
35501
67194
64900
43429
18139
63072
39799
78931
33110
3903520
21219
40376
22895
45656
50688
2936
55203
85188
11345
5631261
25681
21604
574218
120156
334563
83815
34206
69327
1693956
963
26638
4129
11955
58319
19419
71053
72663
49385
54704
32237
38040
69185
49335
16720
74169
73485
5172
79431
242483
2093
1629949
12883
29881
23475
74108
68351
26630
57982
3016628
85654
11082
83590
64385
77158
80772
98398
63538
35952
43083
1133
1368518
62846
42176
46561
72758
49095
19058
5861
28620
4018
65424
52878
60592
48603
38274
83735
2972310
191253
48175
144680
1544388
73156
74880
977997
20783
54670
33368
86295
26202
39186
483894
70659
39622
62259
350547
8982
67244
15415
26906
34198
16380
10247
82200
19916
34144
67283
43251
35081
26969
21299
64038
24124
43771
951
86306
87214
213804
74982
26527
64465
84096
63251
11105
31990
86127
18937
70436
4937
57312
35201
31758
29302
119449
66941
24135
76929
48761
63312
2665113
85535
19755
1865089
32419
58924
50701
86700
63206
14642
59650
11515
56987
390
68141
51019
17913
11900
61120
40139
21175
41014
3038747
51554
23844
69997
55525
50867
19458
71016
26004
3940
146376
590747
74237
67885
63226
44262
51137
80520
69921
23187
66362
57566
61004
26532
36560
66908
2961339
49136
84905
46031
14063
85882
20235
222839
71937
51807
73725
136370
43396
35329
1552773
354
17418
17916
68981
206213
62123
44917
62688
46525
87452
4114
62111
60926
77394
30748
45381
17870
2831904
26085
471599
87937
63501
11904
62466
8716
5283
68935
68886
1005940
22451
75209
25722
3980
23312
34241
83831
36901
82837
3589
28725
54443
76667
71455
64400
46255
11288
77782
4435
48121
37525
23892
5350498
34
15037
570417
74773
22529
81063
53473
50025
1525577
515312
22806
74756
2007622
1757317
57649
16015
495231
76592
13723
46119
46831
26339
84569
39451
7731
19734
3485
19422
75034
47559
12938
42695
61764
38272
35069
78189
67621
172750
73884
41167
24712
63141
53234
73312
83525
59061
32260
21242
89578
24322
14534
4650
10985
68683
68512
35760
40302
58558
5943
17390
10389
65507
93305
72651
12630
32796
150266
77623
78030
75642
75889
2552517
58680
23414
63085
55774
12308
38527
6718
61444
508533
70635
4883765
23569
68521
75939
101012
7409
47688
1039395
29245
88266
9769
46346
60525
37643
203197
84872
18171
71123
18367
85186
28941
64474
72184
14559
19392
56791
2934
46012
5575559
2188
13562
32278
6603
75456
24000
43033
44670
23066
5344
3000
54452
29078
39727
22928
75857
17666
39499
52435
12425
27800
4059125
123237
4370
31916
23586
14636
77694
26625
25555
77926
77213
234433
51955
46961
51798
11136
59189
49002
65865
29472
32485
84324
49593
37003
145705
18212
73921
76167
3832
25774
76474
97271
38569
24972
68594
33502
21603
27943
15996
30875
50919
38874
52979
30790
2400
16019
3457
2992
2727
3047311
44883
2600268
51378
84671
16010
79017
60721
56231
86752
50459
23252
51767
40254
79998
87555
77721
57211
56629
51774
241645
87032
63737
64885
2569449
74385
4764
36426
5230
101823
86986
86350
27649
78375
37694
181244
19276
64552
20624
19980
45299
66979
30410
68687
15109
13931
45566
4087653
47259
82093
46903
69366
33163
96100
7585
523573
57192
46308
53257
34725
12330
163212
45959
42471
17771
60713
78152
11964
164239
77512
74870
34183
78863
36212
372368
4053
46256
72430
74855
9333
134300
81741
196861
50559
37831
5596437
11263
71911
46630
10532
911708
4256
30663
45251
53087
20228
19225
23380
27372
68819
87232
36969
28781
4963458
73613
45543
75388
30092
61767
29215
87554
61463
5236
27206
86090
28732
76409
72992
6658
42203
85157
37542
14725
56
19001
4337
15812
69690
18469
87228
218106
116043
48174
49815
68378
51115
26015
54760
41484
25815
3854
79256
26245
9006
17099
21802
53246
40641
29839
47830
71128
6302
164130
19432
27035
27144
45494
16983
13856
8277
77241
46966
33762
202009
46470
170316
84549
61653
13488
80879
36371
79483
23603
30592
605945
23783
51434
46132
49511
58375
82716
123332
16894
72481
71646
24657
275623
19414
35865
139289
38954
104672
47106
78776
6865
58126
47352
30012
33016
6859
16860
71302
39730
15867
54721
72823
28680
51074
31486
13120
114208
57465
10593
4922
14045
54050
53812
596649
70129
65042
56390
85242
1152141
73873
49985
302405
29166
52610
164099
37288
24588
67718
82933
58387
81570
84517
1254
83239
18324
32017
20810
53264
68554
53059
10520
62724
82265
61826
67794
4321
54080
72061
36398
1778168
78167
22984
41243
47148
79484
2033
31611
62441
6661
9800
338240
48741
44996
2953
43976
35232
38825
3495911
14013
80548
74438
3202
14109
17415
10543
48318
39550
70023
39749
496790
1026974
46033
68985
40266
80450
43162
83828
44079
21966
147679
71091
79829
32199
69435
48670
45899
78879
13567
38255
20586
53813
87070
758
9963
432631
50408
33982
12204
36493
46209
6122
15297
32318
62655
83271
7489
34888
14122
4079420
470193
62681
379
80650
68992
57860
83875
50547
628
2070
20436
83666
47571
79085
78742
72135
62847
80455
48359
1054588
31773
45904
46616
47618
84270
41112
42512
40194
10407
3054264
65813
12883
85922
65744
73769
135093
61177
81865
61668
54256
51382
326748
77702
71525
2891
67198
77123
439289
88201
73192
