38201
5963
1057
46854
65811
432783
52733
79365
23714
87455
47197
24679
1264392
69716
5405
44893
68107
21668
52378
70732
31613
81056
69931
71210
50332
12510
11106
86725
50177
79452
65673
976871
84399
44627
30434
14298
71736
46209
19274
9297
43557
48728
76546
48586
26883
38925
45502
60323
23925
37442
56188
69070
22777
5641
75906
70282
259797
37479
57213
28984
26255
25860
41018
72785
80661
71085
56893
69752
49326
58946
8770767
68283
322
56943
2083
54764
1213
69972
9972
263043
23722
33213
4075
65218
50861
5108
454356
46322
73550
79504
6555722
81528
73332
55347
71405
39730
52157
49071
4013
270456
15942
8298367
180378
91648
44959
71740
3933
23490
139633
84962
39422
37193
20558
79082
30531
64231
32534
4457
76470
96085
44397
31024
38764
591349
43981
354306
47406
76613
4513
22025
13271
10986
87732
298340
79038
69968
87984
30043
545899
83959
8648
41829
58997
87552
140890
114301
296531
80334
52167
69531
25619
19867
3226
34471
41352
67633
26521
42415
35192
366995
85107
24557
23725
77984
8270405
47520
58590
45342
37423
64396
29128
82483
40723
52047
120140
810
66317
2517973
34584
5625307
13780
43495
51173
932215
19239
16539
54662
23948
22657
28802
369230
35375
5955423
67024
53
60531
80145
62939
25001
28516
36989
74062
41134
83065
79197
2755915
26572
55356
1160
99161
110709
84786
48772
1679
77324
79584
394731
87671
67948
46464
1005823
3944189
1334643
46979
21416
9869
11069
24169
78646
69701
3078241
79532
65365
7702
85814
388042
1431
1004001
64411
34194
1501641
13189
40842
7950
53885
44914
4957876
62460
30707
66907
87456
13026
62913
37317
2854619
29543
62899
30861
64731
14958
73718
80157
216592
4979
21427
3169
46844
40143
81256
72961
77269
50643
313334
56105
10335
4226
9385
16255
50322
54386
4966
40828
799493
37688
69275
64974
69226
2794855
175928
37365
55353
64348
3433320
249851
14991
55540
19488
61169
61737
70639
30126
55827
87240
65304
7275
9817
20170
81859
46141
8106
18155
2322
38878
18290
60910
10042
19857
75810
35598
5205
26743
66165
16593
37473
25644
988389
10570
63454
72133
55997
55884
97154
22129
141120
7136
107574
4978
27629
415970
105807
50759
39572
50687
85588
29064
75959
46171
75561
5706
554113
48934
86100
45665
24996
53125
1014134
17398
80440
3690585
2494
95238
49350
41941
72884
69215
5711
2313
38799
1018212
22408
33617
11101
79533
18221
33594
624896
80183
61140
43893
12073
39000
39227
20997
36685
6759
15490
5922476
50286
3442
15429
47766
43836
82240
36540
16634
2903399
22862
26849
76487
8139
65062
87401
2942796
65425
56601
45825
58689
14263
28624
44528
37185
2037084
81508
54030
66553
61070
1899384
7589
74332
23895
51114
24195
82562
83156
63803
23541
1188
15807
71355
21855
4811
4437
69438
453892
4791
527613
18047
14232
99768
79778
124132
2376
48864
4902258
36902
54053
65585
68041
32072
10811
15367
3513
47624
39346
16656
75313
143349
35828
79450
37447
20731
2009229
9734
54616
80145
68967
60002
2146989
67577
1444
52145
47429
270296
236
9565
65139
306445
81761
74021
77997
73585
43142
60666
20272
710
49324
20008
76072
3893
48133
76294
262345
3185987
15336
26705
6016796
988364
63240
43062
171827
23505
41540
57907
10905
70334
33386
8790040
18290
143562
5729
67577
14789
279320
60560
23287
79528
67525
517923
66568
12353
64442
46767
50697
77475
43309
74051
34627
27738
97686
40422
73129
149283
81183
50415
117756
1025595
163352
16793
105969
52421
69188
47696
15434
334998
120427
36086
77882
70764
2635
8697
44233
35212
19811
37859
50718
19075
39193
75645
13319
80144
84726
31851
24385
61914
67099
73643
62809
15406
58307
43951
8524
79412
58500
6894403
56797
42903
37093
43977
70009
28681
83458
49552
76877
62084
42082
15886
50414
11636
84438
14689
63672
71623
478301
46989
78101
34934
70215
2632
71545
66968
17331
71676
12195
6282
414912
33611
38696
1732341
7669
34867
74418
169073
12221
44816
459099
16476
49473
11642
59528
74832
357718
7373
8311
2135032
52808
2582728
30492
74411
26405
54104
48318
70079
69025
63012
1646
74993
978086
23249
75883
33064
41334
13965
69439
56528
8490
2911951
4415
78948
33313
53489
16314
27458
32922
45410
74667
392721
64071
13416
71828
47509
2044
48350
52586
77719
1014
31045
47642
84702
41336
54920
11277
62990
62372
46233
75761
19428
152309
6337
35181
65996
8928
86186
356716
37967
78489
66646
6872843
7805
2919624
50182
15712
2949956
57361
76102
48742
6731
170905
13137
82924
78817
22831
7966
12515
86716
19115
43112
57477
2559564
19399
65446
329253
42999
1001724
70263
419
86894
46517
32983
39063
42161
4787
26396
8325
1395
51744
34719
43595
1330101
64482
17304
130423
35610
18797
48836
11223
3294
67772
63656
24782
38891
18474
22020
17521
40856
2564477
84630
78520
65247
49558
48557
87441
18121
73312
37716
66806
53260
38685
15521
39768
15031
25220
28415
2575166
21189
38145
12457
72352
73025
41309
85429
21791
26851
55667
67352
5251
47969
22602
57378
5591
44989
57044
49290
43777
28056
44827
55774
248113
34447
66495
41531
87371
55049
81904
4494
127108
7162
23652
76681
49323
29940
9942
9770
396324
85701
54834
66358
5781
10515
3275
28995
63393
29776
23611
54630
55050
44563
27170
55706
41818
72903
52622
48589
43312
70300
64953
1304301
39132
21745
191688
68708
54336
76624
81950
59883
4436
63125
76045
52289
65951
30856
70101
86979
46182
51389
43673
52432
26642
9225
83600
26175
37480
22207
68130
442078
518689
50091
4082425
14507
86606
38285
76561
22723
16697
2325
18133
16042
76265
80508
11928
66142
2768
56621
63364
67906
1955404
218200
20726
82128
42895
73259
65853
75297
49980
35536
34628
79405
55830
13350
34933
42163
50394
62489
36963
81575
68823
55154
43776
2880671
74937
41095
85100
19174
341213
54390
30181
71294
30974
36071
11134
53
23408
5858406
24275
1654
75152
66156
52186
40818
72900
81853
80575
85121
63469
39915
64575
1416
19648
43103
33900
14054
72026
58057
152775
226851
20351
22032
12330
81299
5311716
83753
52760
556061
57423
39692
47559
14940
52644
60081
87472
71864
81265
36591
53920
80344
3213953
45255
20925
75128
63720
71890
217296
623291
19275
59685
34877
73175
54700
412129
17755
80145
940553
2714354
41870
562630
36783
42529
68940
86544
40391
75527
62016
21643
40362
42647
26030
67917
49825
46607
64909
17582
73435
87741
52600
885767
5308777
73663
2285
55621
54741
87075
36662
85306
73542
62845
16865
23845
45536
36325
43827
19306
84137
41378
3346753
67277
7790
29519
101001
7297
25809
57731
24354
27985
63748
77129
6234
46093
3821
55461
79891
54520
6793
64581
72937
11330
1795368
60031
73391
19838
71039
34206
56779
25360
8781
196
438873
68840
31626
4753
57583
46752
56115
46054
36016
74873
37149
2660
23094
2135
67362
1798474
14057
59337
80647
1728628
22138
20784
991
57956
383020
7038
61501
68985
31051
4774
65394
18739
37725
75629
46154
15636
12046
20279
71515
84552
18631
45557
53145
15504
44886
87082
34223
32536
26554
4951
60244
36561
22527
40531
22791
104203
8863
69463
55932
80637
67029
35516
20857
38260
16522
25075
11995
18614
77907
3056384
30357
121900
64403
73479
68509
87077
36547
83108
3256502
3693
79783
21009
53901
18166
44389
5428
50707
45479
2548
4628
123218
503964
61661
125309
146891
116740
2791798
66924
7122
31946
54009
71779
29150
1054465
7805
67356
40502
24086
62058
44048
12889
33433
10181
35963
7463
26298
70334
24820
60190
1445
72995
23089
38546
49769
61191
45714
70731
42826
82441
5866
28021
81320
25523
81011
43158
18324
5933
21518
20164
82098
3023
55250
69199
19076
19699
15907
81482
60400
24617
82827
80496
1039817
47261
1355
937
69253
2557416
42691
8286
42303
25978
36196
12562
223926
161662
3848
4086352
71544
29631
70178
40475
5274
13162
60339
36543
16851
23339
20299
10516
17318
35610
59244
27973
57552
36392
80500
52298
2475753
37267
60358
6266
24081
44401
33832
14553
29244
13849
1975
3795
7595
4794
9559
3266998
55020
27740
15612
59879
58778
85448
1936285
19576
31887
14282
1712633
65259
31414
75369
49123
1618002
358488
61153
7670
29187
3347
3692051
21707
37508
50589
62015
74986
44149
82863
70062
58029
75490
44183
59642
19193
73016
1823
44558
13091
526978
65533
57430
62602
48407
73407
24842
86361
48318
17340
28009
21272
7094
129147
59579
73908
84395
15608
50252
59103
71625
2345
116788
75678
47482
5792
45327
56407
73534
4956818
49344
30305
31571
57699
73521
43074
5042
17148
25612
19556
47138
61476
872004
52098
2932905
32099
9874
55475
17764
69055
61495
65255
4115015
121099
48934
37083
4074583
45572
5602
492553
26810
54723
12821
6764
81430
28736
32993
70487
83920
49760
53090
54030
53370
19837
44798
81171
40454
87221
115979
8710
55383
2033548
44298
39963
13139
80245
25987
62587
29559
1629234
1019270
29221
28063
69109
67223
59407
1694275
71377
28288
55186
25171
228383
213858
22771
2032
66783
223471
21162
1303
71175
54899
18863
72319
22639
40146
69440
24483
52339
21900
79117
13130
34391
53905
52785
1977840
62846
1542768
49784
65248
29999
20101
2612099
23567
779879
2174
1692
73017
5036
70198
62505
87843
20099
69734
74895
39285
55283
17908
7035
2727344
111856
7624
403720
42774
52944
18686
118411
63692
6427
16513
52686
7752
60196
71721
602590
70455
50041
25954
49051
53504
5552991
239524
72382
1615
75111
2744
3405
10512
81767
70904
10283
34133
27644
77039
1320314
76705
60301
87750
62196
44642
24822
16798
21100
15998
234850
91571
39660
73314
39904
25359
82205
32846
963483
975972
63971
13931
86842
13566
34927
1218
63716
61419
44849
73576
6404
79612
27959
23933
85672
22450
1345
337673
3080
41345
65360
28745
80326
6019
65428
8734
21509
60887
62312
17294
18625
70675
32184
24539
37244
35928
58879
108601
43430
68611
87380
64235
107176
30671
21388
583763
77105
57879
87374
519456
37476
27623
88197
38260
18425
59283
81388
222323
11690
26261
45688
26641
54402
69718
226631
107290
56434
26444
72189
1012535
17662
53555
41883
81065
87667
10058
13391
20429
12027
58720
40647
195754
2141
77263
3015226
44952
49670
8267225
12244
8283868
246604
164173
60830
42925
33445
27711
48741
53811
39328
31206
20382
394953
71266
9518
57906
25453
48717
85973
24442
51355
2856203
2767578
68939
47389
14460
18680
69126
77716
24459
16481
40282
18894
81333
20341
15122
46767
17778
44578
41612
36220
16792
17639
73821
53087
42086
11800
64147
38279
64518
497217
8767
74162
41481
14629
33865
54211
75045
183685
13477
35449
65163
86142
79657
36926
33820
38027
120025
28470
22183
40824
97583
27529
2215
5400
53752
47505
71482
66152
3927283
45022
49353
56487
22866
25146
86417
95844
1470356
57954
8001
7890
78645
62590
49553
41286
154605
19920
21100
63942
26711
40599
18185
61278
70325
24577
63547
58076
40001
51658
25818
25065
23417
78514
386811
58178
29442
63837
3028248
66032
26717
85888
121172
40237
18511
13147
39461
56987
4456
1038070
72201
8114
2913881
12391
59880
71949
48007
1049898
32221
35592
33551
9824
17572
475
60986
45372
16291
74388
62409
85967
1045547
76928
47020
10731
123942
9421
54669
73193
31211
71151
53723
24775
237986
3191
517232
50793
61343
86851
25563
66663
21894
3502177
17133
29725
54377
86536
87284
81223
71971
71121
37394
86507
22113
67427
46938
67465
46298
15646
41923
8064
72184
440688
45684
41151
70387
488
32369
40631
11469
57972
7510
83639
16899
5127
25179
82817
119288
2654
86792
47799
26928
4772
5682
87302
22909
76436
25112
3870
52961
36332
20020
44610
57868
43199
68495
85470
1209218
126604
4897779
1171210
10487
17924
14839
4655
60492
15037
14352
56111
11402
71081
5605
7280
69282
40040
85146
76203
36866
263546
79340
62708
45656
17302
45016
587456
36576
48274
17047
44545
52610
72795
85945
4038
71659
24681
184652
85858
22744
2763
79105
5725
49852
49065
84234
36267
11130
42978
67602
51094
64067
167096
82080
8532
15345
720438
49146
13889
70851
82444
216342
66564
79404
3388375
992163
45290
44626
80902
231548
35000
87292
57894
9066
17211
25097
55739
67720
993610
455166
83250
84764
8467
75812
60201
8338
18259
67209
50055
73764
16926
81209
68292
7020
18676
21360
73439
20255
59889
73199
66657
34710
74365
68858
11981
8602
20612
5984410
52393
87061
1452328
53000
61737
21296
69256
23171
64391
50504
37270
23207
81058
346604
30552
23664
1876949
38838
1714513
46334
1164
29796
16468
35718
29298
54439
170816
6559282
76460
34763
56654
6073
34213
40176
43014
1972
49981
75747
67472
3042
24835
32095
1750129
83330
43887
62004
51496
59110
53959
85901
28348
59931
28023
57124
30501
39978
61703
45693
60321
27094
5890488
26999
13552
77527
68346
84407
1543
19755
9443
22619
7449
46384
1538
63617
358902
104966
77919
50457
73615
2003
1407658
3734
71166
77578
51163
198369
60036
2444
