59706
43272
51897
39008
1049050
4687
63523
469601
74777
6670
57598
396098
75789
1487587
212693
4599
71366
73532
19643
78663
33791
69
51395
62535
166106
42631
60461
22191
6921589
28608
982996
67245
57708
76522
28551
31651
435830
63050
999462
20450
55446
30963
83735
47898
5881
150895
60954
64822
3626
84823
83611
80525
38892
71150
25646
81963
17093
70012
18299
25275
69880
24126
81285
8866
28749
9321
67634
442756
51226
38318
25443
82788
83436
60454
2844
58655
375640
80447
25260
316604
41883
81019
12056
86467
24206
64721
76230
61094
1401294
139379
87310
49603
86494
26414
35483
81335
10283
60179
86197
24350
21780
20170
72768
43832
56951
91806
77547
87889
2915711
432134
24837
26017
27822
35423
517530
71125
2656210
6459
44270
7656
43019
44088
2758749
75008
6009116
87533
78297
57501
6592
2959395
18990
48968
3619442
1510190
5360481
43522
11737
2283
69075
69607
48429
3419054
33064
939465
66797
29483
19045
70466
3869
43982
51724
37483
1374107
67764
48671
70567
4253
29104
58423
68822
48044
20937
43269
71693
79225
235023
41098
4074424
14236
24445
188
70697
538373
22954
452703
61987
105961
6270
16753
17147
63300
25850
73901
43637
76025
65365
13471
16579
10830
69319
124238
36547
42255
71794
53314
5547
231028
1737694
68699
75477
72960
81975
5303
53035
560541
1654
1713191
56283
24856
57907
33377
36459
58340
57224
42547
53178
55153
68462
64862
82835
53444
454442
1046174
45945
1440778
2587
63462
8194379
7127
23617
26762
42382
5293483
983879
43538
3088
26883
45774
37469
973179
74348
25560
79639
36158
2121073
52525
73543
24374
63260
22701
34356
35835
63548
7333
42044
39496
77136
17760
62005
1952
4413
208214
85882
38934
25120
57529
86573
52808
67416
6095
55628
27799
66221
17796
45993
85238
2866304
39567
46914
22374
25152
35496
57801
56822
40317
24036
17240
73966
994745
75041
77836
356597
10883
8921
44209
86556
27789
695989
2380
21657
25063
1478725
86936
13750
54763
76830
27434
34882
44756
52927
68789
18991
2317
2148539
16752
5774
6169
38090
585248
120619
66737
37193
962721
66215
28738
80344
465048
47633
24506
63062
56275
540366
55716
4388
82416
2550293
29158
78641
64250
36288
32168
68862
8487
47671
87102
53790
56816
4914444
29490
74822
14608
4063983
33395
224980
48926
1704521
30711
21838
7408
84763
4593
5985
12575
55057
3821
56056
1859
33394
14627
71960
54491
16268
14816
65227
80416
13483
65893
3624
31346
65064
445011
60289
80954
2969498
57559
43630
20162
37634
26215
84775
66525
1919188
21921
27888
8741787
7579
8285155
13369
37464
60331
1300
19242
39864
76588
18430
7852
78648
13659
36637
3325730
81055
69649
32052
63591
2315
62061
45632
49336
6335
62851
37834
62333
1806764
85286
20805
33978
10621
44582
1022677
69695
15193
28973
66447
151365
52658
75661
74555
66896
6026698
59314
6059778
52418
44841
59076
43638
84952
65060
106578
32965
17631
81318
83117
15249
34131
76534
6190
280815
711
56785
44534
43990
39027
19495
59050
83788
75369
45090
39089
36085
74486
28369
39813
2708174
38067
39044
63579
6706
21214
27608
1363
1911151
16659
74985
52536
79927
6206
12503
51312
3979
37705
67601
57116
1858
52627
38062
61996
20790
29848
31077
55223
42534
53461
74630
6416
55402
55113
33235
63801
29537
86745
63202
39277
31783
50479
38865
87604
15098
51091
12231
76383
21965
10193
36593
50758
2803441
71029
20246
64251
48247
79726
52165
73577
71768
50799
83526
2444
56733
47957
23785
369427
10235
221049
9537
13001
9129
72304
177556
15681
69440
42659
72926
64507
69554
3002866
84741
6847
63562
3235707
22774
166328
54251
45745
1014991
9658
61706
31837
19089
62226
17642
59388
50250
51759
108368
24102
51362
13864
76176
21149
603649
60899
78398
5337
67002
35751
11426
55058
48389
17202
46416
2862830
29722
666715
78116
18719
86714
67081
39808
83900
65484
11338
48124
25522
42887
61765
144975
32289
29153
87465
25884
76966
32443
74669
38182
4942
87424
64033
63784
46359
43964
35727
58695
3184959
21790
33143
18610
87313
60325
25730
17514
75399
130653
13171
21532
68350
56954
12048
53996
55330
7634
69223
516618
86733
80483
40965
38316
13051
33111
63833
81097
72138
67373
54
83318
32175
5817
3762
65717
86323
41995
163382
1682784
9621
52440
7622
29934
75299
54739
10337
81078
28839
10073
8292006
169189
3191
47032
4809
87770
13602
64047
43484
87136
7289
84232
12966
23214
25402
70469
71498
37728
13028
28610
369320
44548
78362
62541
267993
3236750
9336
47989
3366680
35079
17922
21410
72068
49092
25031
62484
66354
18371
67227
69946
5932
22979
22619
83068
74824
17286
262203
2240
20352
36060
79512
153773
14211
55956
4843
54924
63898
507083
18491
6957
6798
40152
81958
63749
117674
24671
49064
46699
67625
47458
41400
43682
29072
69505
71622
304006
22350
165756
38488
26783
57825
42290
17105
61412
9212
30949
81921
83081
70122
71895
52276
18029
44576
70103
17941
60623
87819
9785
64408
96478
82450
75425
5879
57408
54706
46833
32887
9649
48021
6943201
17655
93725
47818
45274
5605
24205
78454
75491
42492
6561
1073
70464
64025
46484
54634
151128
52232
1151719
600497
18401
15788
69277
58875
45890
72596
29650
79949
34364
47298
45158
26942
62257
8000
132365
52766
36568
20041
52646
3101
20460
41489
20018
38941
8288112
77182
42293
262102
73234
10054
4811
8751504
90139
76395
1015776
23234
65227
83221
69866
75047
68472
37057
4124599
10186
74123
73696
39629
54161
11159
751
43857
5925503
397764
55246
50842
58601
15972
28209
45122
12864
59360
32115
18900
81363
46065
10186
36994
79269
72368
50799
33879
52226
45318
71683
32593
82681
3643
63769
37168
65186
49612
25500
64651
18756
1824031
69174
16239
29648
76526
29872
8038
42498
55269
87683
36343
84935
2162
50886
2626345
42100
70704
43407
74063
78900
1385265
9596
70085
37448
79332
67271
86609
58764
114256
38510
63603
63033
29577
18001
86191
41902
60472
10499
82360
44551
12271
126307
48267
72100
39669
67120
29196
81889
46229
357403
9525
12513
9081
9146
80853
31224
80221
59462
52899
83266
75726
32928
165827
76319
80332
53791
31136
20094
48143
48448
2944
14380
44675
65975
20657
45807
59211
26461
83112
56220
74047
19425
59217
50675
193893
14133
7940
47403
16406
185059
4768
77987
80988
38585
149706
3633
29556
79214
51058
74180
23819
64032
1345153
59131
18818
25691
41376
83067
63690
46905
445981
18413
5588858
61184
39768
11848
355345
59170
5291020
301003
44983
1340
56602
28720
17649
167914
86160
2860933
5664
2024657
55736
61929
74481
8391
82197
8446
31104
12670
1688810
15111
40438
37923
22245
33
237
70050
1381890
23472
50412
20902
44640
61696
36423
1802042
44389
6838
78972
11237
64703
6966
1004732
70455
43355
39562
63649
22741
80663
4700
48202
6394
39125
105566
86000
491385
72559
56854
55185
51226
22714
54831
43248
24689
83687
20149
28884
81849
41874
67125
61561
6019
15753
2636
361598
84919
9233
29054
36817
54106
69725
13408
54901
24227
75265
25599
59318
981259
75295
1423117
13625
63132
39361
78450
1087
5925449
78010
53287
37596
2186
16132
8351597
65149
73086
45259
34208
25988
5391
72590
81241
48645
132232
63863
61022
919
72668
27786
28561
80062
38639
63625
82092
47244
3687
34094
31852
409654
2490796
26049
38018
68607
474807
23258
5310
8894
19756
48228
44045
8346188
594972
1110
6520
81541
61747
72110
52285
60959
1998
243278
298106
65540
70014
1039357
5940
23381
79738
999974
13202
44644
2545
153368
24389
37121
59808
127749
66888
42325
20149
85024
44813
4512
19124
76097
70157
53026
77562
76705
17127
65346
3321709
46216
17211
48769
77259
803809
36576
111057
7278
362738
83080
29870
53040
1018
307713
46650
12925
46146
2139423
86512
49605
2306
11170
29310
10526
29694
37951
81291
7953
11177
103199
13845
19816
23821
45140
12249
39424
7924
45896
67680
84798
40030
53617
1011505
66812
59038
13846
15323
61499
48373
14534
86077
15698
277760
3691
1878618
62458
7607
55096
80833
45043
58027
3046
78326
51126
11138
279462
66047
85305
5323323
27500
7740
56286
47857
48262
3356
29288
60880
33590
62839
63870
27284
77128
42678
80980
61443
4967085
68303
78243
33591
154983
82099
4235
12814
38513
47391
40418
72285
22246
76772
5807
14779
2875572
68886
10423
68650
40776
38859
63415
50442
43071
85078
11488
24735
2554958
82280
50410
43716
40043
62788
46674
63739
54851
24932
55042
27295
38888
31894
21260
84468
41486
44764
25880
46313
42832
50340
36826
86602
29223
62027
23720
26951
72849
77769
44024
77013
39515
60643
80704
9247
64409
31819
77686
68946
50357
82127
25174
36584
49647
49006
1208788
67396
77184
34549
33770
84809
583
15372
61253
78975
36549
53151
2781
30002
249989
18412
35507
86340
42295
68770
11719
54907
21392
77554
24183
48394
22618
420470
64399
62961
76040
73398
383611
30890
80722
126889
43468
5890808
5187
94564
47105
21470
30497
47128
7227
120785
32293
27502
40907
58394
59482
54949
57809
86968
52222
17577
28691
288212
22603
87623
8258161
76691
45426
74303
72900
80157
26435
81419
16132
36390
6526
3063604
243316
72199
81062
598623
49092
50758
1287
27385
10760
549613
56436
192
24570
37288
7655
87397
43735
74729
16198
13
36062
542072
59586
215
45998
43233
77096
26618
33178
60937
405
30527
74247
84375
55254
8115
24310
7758
3264
21534
34739
80710
53970
80199
34584
237215
43384
65592
101109
24320
45162
85011
41578
49201
32257
138370
599530
32247
80326
80323
63627
86205
39870
4513
14710
6545
1185314
2632
30102
74882
34395
34615
14211
7604
75982
3957
81236
82715
148005
4481
16910
46038
58634
33206
53036
86134
81893
62979
76936
85633
48731
33133
161869
27299
152623
65179
80273
76292
61639
15593
25821
10714
30803
1000411
25970
42866
71751
87778
72821
39359
23586
186716
56149
77361
71247
37277
18547
83577
54366
378112
45958
36291
77355
53614
31339
62589
40576
81165
11140
188464
132735
93468
17738
87576
112707
68469
11071
125988
176262
39570
35558
68522
958637
23219
68801
30503
47974
2645420
52512
3041
80377
55211
62959
46548
9875
24172
86170
58672
32724
29721
81396
16718
69665
337862
50513
74399
81749
42804
26864
45650
40879
31651
42921
72193
23569
18996
60049
72384
68248
14687
46587
25544
79662
74925
53796
47386
32500
58254
43460
228224
2343
57187
99433
76418
58026
13867
31609
146693
68175
17134
50125
23599
3028344
74671
2380
9934
40504
55700
69837
79109
70263
33093
85148
18192
682189
14304
33757
29146
30956
28609
70690
11334
58343
63984
228084
2107118
85467
357771
76142
36002
58796
62351
19799
73951
22029
5305755
197073
66774
73822
38923
42260
66145
1199
24888
39326
76356
74574
83171
6866912
58386
32723
20580
12131
33721
77041
60042
77607
79147
71935
8848
86575
75163
43681
4926
59840
48468
1570810
40633
59492
21615
86044
9104
5973
28101
489535
39686
67097
856970
8279343
39028
244900
61981
76305
43936
9898
55208
84496
64652
84529
71050
26833
69643
203469
3165
2559
60761
1297906
55854
62456
10010
5235
56414
37106
60542
32793
72739
4564
19982
78184
42628
1004077
355
63850
49513
66409
8739
4056885
64356
183212
5912
268689
72256
608269
78555
63047
43245
1375060
51870
55718
69775
79582
78283
70013
45578
64833
49573
2776530
15148
58989
72009
54906
80068
19032
17344
74403
83949
46616
76540
2111
54730
57340
65277
79550
67727
16489
517581
3706
11670
47924
85286
58761
2583017
74441
464641
36933
67853
66415
61760
49714
4046
6388
390962
73763
7056
539266
61690
1953
65505
63933
87740
379440
6586
71504
26246
58600
25456
67085
84330
46982
165685
147
997885
45346
64235
41363
27560
8661
81451
996612
81466
453485
18590
74642
11074
29815
53258
284205
60124
23773
46437
82032
19261
76175
78099
23236
3262
6928955
76306
44038
59297
12988
83620
72633
12877
47532
87717
2161
64825
25737
27042
13817
40233
60831
59188
2676162
82599
21108
61230
84605
16870
87920
63631
36405
78205
48138
3205
1447
12041
77602
34902
6113
62790
2571045
63258
83557
77233
77559
12774
11608
15392
37061
413555
80004
20553
47800
10684
36315
42357
23496
84973
71337
78907
35633
114647
82382
30031
56811
18987
32489
48894
49854
382583
1019173
35281
15982
3952
35582
14055
4952030
61999
51487
40551
31048
2042465
57019
14545
7000
14332
40904
5609
378919
3873
36342
55682
79967
35541
972
16944
84020
39193
45556
10226
27168
9043
40934
38345
39170
1055
28411
57579
826407
78895
57448
73215
45527
18451
435
766105
72898
81346
39351
34812
2420
54834
34079
43803
4152
29222
84696
87979
67110
81423
65679
43255
32509
361724
79312
77391
72941
82467
51153
26555
15694
52551
1719872
23325
70725
12344
45805
2023503
68847
31102
87322
7745
20137
6575229
16107
27645
4922824
67906
44387
67784
363563
33130
33503
78534
32230
20711
15377
354725
50187
63580
2446
37355
8211
39879
1001393
2726
9300
31844
42355
79911
75448
1968683
18060
76193
32691
6571
77863
55603
81779
55308
16404
29952
66712
164294
26941
7093
44339
32196
69818
58291
4707
8621
16937
152391
42290
23715
66149
42065
1415013
2029472
14252
79990
68068
67331
33749
47390
66087
14045
2109
41017
77891
67315
62006
72427
50904
6906
47988
52000
71420
55571
7707
14514
84424
42224
57549
28085
22208
63161
55471
302145
70672
19343
885402
9351
4617
41879
14676
23881
36259
13125
17240
3348
55529
2137
76107
1648998
42483
29736
78362
6506
22329
45526
54502
77282
24085
28726
22089
48404
71067
13300
28816
73460
20475
85178
70495
20663
77268
45592
65892
25916
1966
254360
25292
62189
43553
72679
35431
43533
370997
12807
84348
33424
67291
2011848
35241
72514
29312
27091
5848
27704
39624
72746
79792
81935
36914
67861
39158
32110
547901
40290
2121
86467
67710
7910
37730
36096
66519
19893
64656
47391
71694
13518
61699
29769
53160
40802
18927
67057
43267
27422
57351
20022
54963
58048
31730
78904
74543
78399
79217
1532
75612
64102
225
70027
67389
40875
10170
35991
59032
9534
2921048
43197
66197
26672
82120
62590
53119
71703
4799
45061
65802
25246
4899
47055
32483
27012
76325
74875
43875
31383
50141
33546
82607
70277
55639
19899
38952
5931995
10809
18291
12417
987464
79500
42072
33269
995
13325
80948
17601
71753
47439
1156
29804
33048
67751
4127636
72432
47896
29719
4853117
2774239
23372
129704
4129
14708
32014
71867
61128
79830
47397
6538
20915
82963
13706
59261
15981
196342
14629
30308
17258
63744
67490
15671
41214
694115
41503
14621
42372
1322501
41294
6499
43385
7552
35333
12905
29088
61866
2881033
40428
74361
40294
14111
75416
57335
12289
347818
54224
74088
73366
53135
71809
27135
65631
55840
8646
24846
57753
10824
44381
56045
18299
45974
31789
42476
30206
66197
2562144
73000
73608
74041
15360
77372
38915
217640
71854
193000
34378
6779
46067
2114546
56523
49464
63229
14411
61783
49012
55847
155320
145601
69643
81892
79259
42569
35200
8974
80045
2796
50117
65851
81559
34346
3266807
65163
1619411
31329
80249
22008
55119
2973900
67539
82933
6490
14511
9306
78300
48681
211391
261705
1
59619
15383
5850
507522
59766
49508
3206
38529
32142
33368
45807
988966
2249
43358
10488
34515
81918
48166
30822
36836
41595
50385
71868
62723
87163
29123
28302
54908
83874
41065
45281
30060
35868
6152
31867
87414
81936
38732
64673
22365
86087
401250
27449
68051
51484
71822
72533
1076
30266
49474
44566
39169
80754
20172
31110
19633
85660
36496
65769
5784
17556
64917
2594801
87940
81434
75364
72692
35499
75101
55045
5879
52517
63121
87596
47426
58599
71178
48028
84892
52573
27011
4520
77184
14161
39686
56169
22932
28746
24857
3248172
3999
5798
87167
80367
74274
84101
83689
86219
389978
20644
2943643
56917
12114
43424
83378
110818
14128
35674
27762
47565
2515430
2926512
174797
46964
37952
57454
24805
47609
81604
34432
5623296
70611
46028
41601
34757
107
1021637
17856
1270
1122
3155
213146
43578
7384
128549
22266
33366
981023
72744
67914
1055809
5808889
70912
46745
64667
81723
5549
149852
59278
18945
44788
52264
84824
42351
71276
9338
7483
2650113
46555
145421
54043
8103
852
66893
90583
80188
5918156
43379
60514
11786
5880555
75746
1043009
2883256
27781
25937
37099
59065
3517382
7666
68050
40883
3444749
41549
11221
71479
53114
77418
1999403
46153
15137
1780
11188
151792
75491
374859
34119
2942422
2191694
60038
54915
69662
44186
79702
53480
28475
370854
396310
56169
21315
38838
16387
55184
86532
69342
96766
7506
85353
40100
82095
85580
46584
19105
58316
65354
3856
48691
70624
61023
11127
1740790
63558
69441
53816
61309
2820
14145
62274
19885
36964
2247
54605
54114
56242
1029543
51572
48693
63179
73887
9189
52438
45241
82222
77469
47679
46556
82803
10088
50263
506664
87021
76103
44420
86573
2734624
80238
35025
44772
69524
6043827
50866
10515
8890
2613515
33683
20405
27032
4132877
35657
378879
454766
47036
146474
63016
10501
56637
72034
46774
130777
87784
52881
58412
10249
56712
29197
87926
54557
42334
13109
79871
4127589
23310
38767
58668
8832
80511
38767
40638
55979
86363
18402
7183
24172
238
226283
3912517
77891
51634
41061
60926
58686
59103
76809
323
26833
37289
30966
16747
39806
22229
37757
30206
11279
1426736
5447
224254
58998
48665
65396
68832
61288
78553
74778
51448
52402
67511
9927
54162
32443
60798
117869
51849
78913
450190
71369
21123
74787
2976398
72872
258011
175379
18865
27470
69924
24018
405248
16298
60259
70375
578378
51130
42624
30907
8198310
9828
49789
28779
22255
30008
6350
835
9984
13311
83419
75736
38455
28142
60087
8745350
53925
12272
34486
2299
1725704
997
78779
39716
30462
42896
33804
14110
44747
3000
67224
23695
29815
61461
62946
43383
27681
41307
11166
78055
131430
44173
1042330
47029
84538
49802
27528
462031
24284
9765
54628
14873
18767
2766811
981294
38870
71371
53740
22632
6974
198902
20146
21248
86234
26628
121658
5859
87120
2296
77271
108740
5656
341490
7517
59113
274935
54800
15617
27610
64650
13075
54989
175300
228484
306719
11230
4952
1942904
47531
84794
19356
63123
16278
62039
437982
78257
45797
80533
71166
1362478
37405
66027
53455
53557
4315
83730
176950
40889
84986
23917
17947
47945
43992
56483
48952
49974
85037
75822
66248
81928
54271
46285
61373
27952
78877
60702
2692
56467
2607748
65884
19976
18461
38771
47435
28568
38838
17350
82042
56809
3367609
18358
85648
80887
29219
165808
2771553
48302
64485
7143
74772
69806
304
72212
29265
737
35151
54169
348667
366298
2855
52808
41544
86267
2613562
78687
32815
41045
76164
55820
25439
79135
42788
15809
58541
66964
58105
18327
14012
33416
42060
24335
63430
53850
79625
16150
74406
11817
86118
984404
82435
33876
67205
391532
20343
66851
47663
7033
18386
71363
45650
171798
12951
14951
36522
150337
17176
18418
87968
52949
65154
2228
44525
62471
25297
84735
83932
25756
4823
72887
70356
71402
28432
77193
100510
40720
54326
15381
1048521
41187
29831
2502
70170
52248
23743
17182
37664
41233
2946057
49838
54324
52448
49172
37594
47969
7391
637629
2025
52181
78113
82849
80840
2417
64653
83277
124262
30425
5281
2483820
43400
35677
86706
43067
30469
3803
81160
82052
52311
30635
37928
109274
35634
82606
84001
33067
12884
32351
47687
47278
31139
22512
46543
3618
28757
69253
63660
41386
1029005
47701
45516
40023
78492
25333
45444
67670
4387
81373
51322
45796
230307
30932
2619
77132
69333
41558
75863
24286
35469
25462
23607
72862
148216
54027
57141
219492
70212
32546
647
51532
74287
44008
159
50223
52808
56119
72740
29707
68606
80720
167053
58749
54297
53630
69335
35231
136908
24631
16214
60890
12333
16291
61506
565691
43692
73111
35608
229843
5020
81584
505437
16417
37850
62660
18450
2798
17599
47630
6866131
13079
42307
54131
65005
56889
85927
7853
54878
41677
7965
75272
25731
56259
3656424
1783052
72109
16910
25952
482608
75598
40393
70975
59520
16110
149069
77671
82546
82515
33439
59984
69184
419
86416
29923
65770
92438
21361
52002
49857
164023
1709721
25639
47630
18101
84932
3290
42265
1926296
6007304
87518
75093
77878
68096
61087
86231
29761
11740
2408
20306
5324487
44617
61637
287116
45015
13744
58677
16386
23766
41892
68302
83813
38348
1190092
34177
9312
147293
84171
57851
69602
34647
82895
37241
62985
20308
78167
10061
62965
60720
45202
78089
42767
63709
55659
199272
75317
47958
160261
85003
76162
76478
87788
50903
51429
40579
45265
9385
74364
40285
53648
66450
85934
12621
80733
16626
18900
36181
39989
4628
7497
1039
34932
30481
47447
68552
4590
42159
29388
28410
81204
27987
64794
79314
37026
1874
41094
86609
53470
46491
13338
46404
52922
314086
10548
60466
49418
4428
2777339
52514
51501
33397
979071
8623
59048
147815
81012
82252
80167
43683
4739
463553
8451
94025
72269
16047
32800
14130
20909
54397
52391
56879
40990
64500
11013
459424
75372
77953
37091
38229
74744
211763
13367
18714
21648
18126
33620
85529
1022792
59339
86010
64210
73121
51018
363802
62856
55163
56936
12046
81079
37199
54448
30457
9102
32276
4365
11586
68695
1753126
346
83631
36069
46358
8290980
39030
2122799
98204
8453
25421
24340
33115
6465
40471
46173
1037814
21488
131584
19696
59566
78089
48714
10376
125499
80773
26311
80449
13326
80761
30448
52113
47941
41600
39420
34656
48473
40795
40805
20488
76892
43104
40563
80007
80066
48466
17346
85044
3702
997714
32862
27459
20203
31152
37908
33564
56615
30188
5001338
46363
7646
24054
32326
2724334
35054
83762
29177
77939
35970
14080
50237
53500
49851
28716
2968272
71486
2728445
16899
130132
6027810
1781539
58973
57194
61165
32008
24841
7172
74217
60851
44950
51662
85007
92875
14523
10208
57443
4963492
72643
64689
51532
52387
431339
60037
24231
81826
87882
22354
28403
20182
3160
12914
97225
99921
68578
42054
61919
4596
76280
13632
75720
61767
1094
8319
44604
1270
2921255
18760
31036
56396
79598
32572
58994
65862
20199
2595
61754
62338
61809
68645
18092
61146
109622
27867
2009
44995
74069
35495
41640
82469
459576
76489
58691
48381
58536
9163
370135
34063
58392
81333
47884
55266
73753
37498
83655
67627
76309
2832832
73231
17339
34793
55096
71817
9127
74027
61309
30313
42696
53112
16310
4665
1356
70697
43251
32750
5108
8217
69779
49135
30734
45159
62507
39695
18541
29526
5352
72470
42981
24880
1218679
71720
13770
994753
1047020
3432
426794
77704
16470
83278
12365
58499
55611
85151
13233
10364
54735
64705
29710
39857
127515
10969
63442
52274
26496
7408
47279
34943
76059
39555
31625
409810
5408
67923
24255
4875
9179
4846652
2598147
79085
18628
49431
3043726
68635
2512
45429
44285
33077
63167
80914
44248
76457
1622671
829102
17797
62037
8415
38609
11354
3412
81290
13456
29951
85414
20197
29960
68025
73324
35299
480595
22747
44422
30193
86320
57780
26751
74791
61752
2618
2814187
85288
86800
38144
1311
70679
81245
27116
32598
27562
40198
31213
41925
21039
45283
32705
59533
49127
18250
49051
36700
13609
193772
14961
84713
36217
63847
29063
72567
32869
48891
64702
8867
53560
11420
25698
1538392
76785
72870
49165
47920
65415
60776
17263
201718
18078
40579
32708
47932
65210
15494
460132
3688216
239726
24057
46016
82472
62239
43408
72567
18150
54615
7754
373785
68069
31683
140051
3334752
12463
10630
59540
53652
16211
5863870
78255
1054085
79743
36830
35531
386222
81432
76325
87149
74783
10259
70053
72268
85485
66624
11429
63191
16227
48816
69742
45338
2038654
62805
77269
8078
788082
51293
28706
1345931
24943
29133
41444
119491
62050
61209
219
14177
85453
6354
58566
45312
25637
50404
69571
5494
48265
16251
9030
9708
31694
9538
63942
58697
54577
69016
85463
67815
996180
75369
20510
41446
11674
7353
14775
50307
24139
13045
42156
147211
83864
47728
29343
47014
4898
53855
3909
47513
35012
12433
71150
3144
67613
69180
45614
45635
1037460
69275
12132
478
22669
38525
44498
1298718
62846
2798384
74412
53804
65168
89969
40023
55066
425507
63060
68928
68798
131178
78963
404509
50715
16119
37899
86255
2589
585456
48402
62891
13182
64846
96491
80648
1041614
71264
63642
174099
26208
1178100
225722
9970
65253
1055893
73021
16413
54766
40368
1752026
56169
21692
991920
75835
32633
66969
486583
42823
48406
281002
15737
7620
23049
436640
80218
43943
47823
521987
30154
18951
3255
41296
41508
10208
7610
22437
67110
4049
59987
77851
75453
48799
50675
5043
30853
36594
51747
16369
18477
254735
79374
146140
2622225
44309
3454972
40026
72249
17554
21280
50364
69193
72115
22131
1617
68510
1878835
85771
87192
10943
53583
27631
3420479
8765728
60242
67749
45983
5980551
60879
323282
25811
6945
180079
10695
14913
51248
41063
1444
16470
38905
15765
1740639
43520
68632
70899
40512
69272
51681
44648
58650
27770
85143
43309
87513
35137
2919573
83755
86341
448
203123
25365
83265
24003
20440
10829
16339
65285
1405206
59150
48318
38243
36247
72894
64794
3649
62901
24927
87228
36847
19723
18660
66610
18911
50073
26539
70202
2552
18834
17110
38524
40141
81899
67444
5551426
74999
26713
18582
70630
70943
80379
20718
77705
72627
51807
33364
62304
82902
27221
42194
48148
87710
5426
1319961
3046115
47585
8749
139847
163
40380
64598
28686
17436
3459
10267
21507
80791
2951
14868
6547675
1569519
34241
99931
28770
32011
3285
2826
142402
1792
39004
81406
13654
6161
11738
11168
2595640
285546
26880
48140
12846
93322
69477
10907
41016
56814
316680
494380
1960112
30860
9766
31045
137688
10035
988853
38673
68636
70304
78078
49761
80459
28422
54085
10653
10668
16364
65814
50726
46130
57957
13812
80844
8788020
9305
64487
65379
85866
85877
4667
87761
49676
38572
16436
1193039
972089
255287
35981
42279
44054
48557
57903
36979
339292
38670
37128
84868
64307
47947
22330
66049
59617
5556
77090
30159
520188
30641
59032
61660
308343
77266
5916760
75425
1053242
81611
49934
81140
65737
40006
59896
17107
43409
6527
35189
3523
79211
8205
27874
19190
106945
49025
84430
53994
79564
8014
87043
23591
5303
50742
45497
76367
86990
30537
278
30281
118251
1035697
79405
2872678
30884
2987550
483203
78406
61980
21062
3878579
43581
5864448
45493
55308
35438
22055
47186
17626
56043
63812
5403
23601
38531
26816
4471
12511
48882
22559
37185
15402
21803
5565071
75823
89359
33819
1900206
48093
79281
131746
71507
68083
32855
22368
63182
77532
37301
41762
39761
34581
35555
31655
32785
12317
13629
29842
50934
21069
5490
83176
30494
3517
35864
38899
64175
49959
74551
82954
20150
70390
78431
58811
79547
1026589
53028
21714
2083
177636
67107
582260
3062777
62296
86511
50044
46986
38678
186318
3723
70839
54795
60718
385575
33605
3260208
72405
60451
87671
86917
66910
13791
10572
74255
31274
27569
36819
6552344
57404
49762
58598
4922606
44433
7785
81221
39191
81928
9066
65274
17605
9394
19033
3070543
73978
372071
66078
17722
8636
12327
27763
228269
80110
73511
69525
40230
12612
49293
2874
67315
141777
61002
22197
75678
10140
54931
80050
75291
58622
55438
26769
22620
60237
132238
23681
79540
38405
57397
48295
10378
20438
112032
74269
15520
5669
64640
48047
556
75117
75837
37433
71326
800
1011750
40136
62606
45064
59372
30659
28139
81397
85741
3360
63375
41621
78378
17846
25901
80559
481772
29095
59601
6698
45596
31695
1845609
25938
15452
36111
81598
43390
2641907
21743
54352
8208587
13024
21415
33473
46893
70157
29972
58547
6245
72664
183823
50022
28821
74471
69441
5730
39140
83775
475516
23290
44761
3191753
75897
16064
47475
13387
9378
52202
28260
10211
78256
245595
33651
49366
59765
767166
30683
70186
2518
58635
18520
70533
39237
18112
150509
71007
50594
60720
86954
708986
33471
50144
28410
180300
8504
83822
42077
79077
29615
3477973
52483
344881
78681
30393
64832
8818
76639
29978
14910
71202
33526
9042
11009
87300
79536
2730
3142
23995
84554
86661
14221
21021
13959
1688786
7585
54114
77405
85314
86577
8664
66275
23049
84735
77599
73291
8536
153615
23211
61228
48186
56402
10495
26127
68364
17111
79891
64108
87802
24947
34422
71678
297938
28320
6834
29234
77591
2085
14189
4324
15939
80067
1275492
68385
20505
395937
21291
15409
87625
44352
512954
82213
1818
78598
21915
6360
39649
56527
73062
79709
78776
47285
64179
42975
73599
13337
985607
44974
188189
72272
78186
59014
148436
201715
19223
24508
44638
87919
16117
44786
77948
72708
129291
78264
71936
49308
39445
22144
24125
16627
36790
23430
134585
36895
67318
60034
172183
69312
49508
4928518
44393
37496
69697
3685121
2554487
81340
76622
26264
25227
23881
1725355
38255
23493
24052
28785
82948
1532
1665
1425010
60026
80437
24229
3638493
14505
35373
109109
6192
238908
32363
515705
1560396
27086
50933
17115
62111
79089
63554
12932
25207
15585
24426
62757
10605
76838
51474
20138
31064
82950
13519
1041768
17352
81474
1351192
33348
46210
1043604
98809
15923
3735
387242
12261
51263
64854
47979
29750
16820
42927
45254
481912
81223
70599
24234
82000
47484
505361
59428
46545
29338
38812
40367
53018
74110
191936
70145
19768
74211
2780497
308013
60513
42432
13353
1347
64252
36770
77778
46625
87795
62841
10041
15358
4680
5557854
86478
174772
14547
85721
32553
82954
64320
20982
100608
55625
10228
30092
57841
54107
18463
69373
42124
80517
86463
21667
646529
30170
39241
7453
42064
70139
424372
58241
85022
32181
113041
50821
49952
63551
60416
42355
86437
59643
54971
42536
71622
68292
52747
9444
75121
51319
34544
74609
23545
74909
46882
2591
1822746
70916
41266
74678
6585
69536
12023
75483
66655
63247
59642
170208
65771
21595
30516
1492
66146
30407
136441
43265
86207
13880
69852
1498919
160191
51319
26749
78159
137464
30369
60402
56870
53528
1593
2307
9478
16308
60381
15393
4093473
77179
86951
66415
73353
18680
164198
200869
1385067
1967
41661
17734
78982
36289
45009
79221
57407
10342
16517
74640
57300
16274
12024
17726
84812
14284
7982
5234
8758465
5838181
75275
62749
50859
21437
65416
42163
27495
42634
45299
4078133
382742
12049
38003
73949
53272
74474
3240697
244128
42579
71853
48628
17919
1446
57149
66711
77438
37015
113650
37097
44025
11332
53111
54527
52190
713631
27222
75153
815406
151562
15396
8207260
190849
7209
40221
69000
1019484
67840
31013
863
18397
39400
3207914
36825
19974
29682
42728
16978
40786
29077
50002
29219
47809
10173
11089
36818
34080
58682
50442
4101895
8951
58083
19954
41578
43402
13897
82895
8508
738194
17905
57568
29656
53764
85877
83472
80498
66158
30515
55033
3329
55732
6580
33226
3757
59312
61536
40377
62511
82341
169326
23974
15007
33365
45416
24559
6151
2554469
47410
5137
24517
14810
46133
81523
77097
28125
8274
17052
86846
17234
22389
143109
76968
66178
16536
46515
492834
83995
1793
20366
25850
60128
63588
41762
56306
73520
52701
67008
45692
34569
19075
65949
40507
4240
77630
75311
2578194
23806
37922
38371
57703
5315
82879
68155
80493
31339
52993
49049
160929
978
27808
60843
78463
369689
29260
570156
86525
67228
54509
59682
12505
53029
50897
19550
3678155
31015
55343
2848321
52098
54350
84612
755497
71478
43207
13330
11938
47043
28676
21900
70748
8025
15577
45407
3478
1700
1320
188110
11104
2099280
36138
85400
53798
25040
54721
18947
48477
12282
6524
52389
3779
65055
58466
79423
75671
52155
34556
64409
26287
72651
65393
36635
44547
86784
19944
32578
49814
5033
63276
66085
34624
56466
61685
56605
57711
67051
9278
78679
2987492
15217
50470
12392
34849
51808
75414
43304
34910
78615
57524
72181
25213
160586
29793
36999
76232
44863
2707
14995
78259
3684339
62123
70210
100085
18371
30630
29246
23013
24794
32594
25759
222616
65394
56214
25537
48850
17004
78054
990313
65428
22449
79187
27430
54867
79245
48017
85716
12513
44048
69167
579833
61183
1382492
28392
18848
11669
85117
32792
42
599249
80153
34177
58301
2936666
23072
25655
25331
155419
74059
48708
7399
28112
157927
2596485
86549
52216
17384
68364
38149
21698
84563
37208
54552
86060
52302
5799
85333
28659
54558
57620
2517
348292
63683
587271
18823
84270
21382
62306
2715289
81949
59316
38878
65704
28173
44894
50514
19634
82474
58247
3374
31803
74951
51066
78802
33820
16816
52985
75924
32124
63509
13921
1390739
18500
321
11888
30308
2953416
19800
28076
22081
43731
74527
35907
35489
11893
4632
76464
41809
145257
136754
31444
35971
63515
105310
62194
73396
2595
33583
50272
37402
49376
58227
1026019
65721
77543
60662
7631
1324
401841
70984
54592
76036
41110
87724
254108
78986
454625
71058
6755
71814
74638
64675
52701
22608
9303
9214
29729
75316
54554
57215
1572
73461
47582
15343
54538
222044
27735
626390
59926
68977
81412
15343
84581
78691
87459
27733
27300
69927
63748
130313
40676
12333
18125
466
20305
37887
68933
111200
15149
77952
25883
38248
5629890
60495
87659
55457
82670
43252
59157
64271
10793
37494
18279
39860
81980
64593
13533
46597
487124
20999
75043
10391
87263
8732686
4070940
77734
35994
34933
25570
48158
521641
67181
38484
52722
40244
55184
70528
101958
41320
78337
65637
74559
1315
42266
13332
46979
79516
43868
62276
39983
11578
20726
59339
70317
24045
61991
56519
2187314
2315
34423
46793
1032779
69817
11107
1053644
79069
77780
28003
28761
2908896
12029
257501
23140
26850
3288
70497
5614763
61478
73468
166360
12727
60711
78394
75116
24554
19094
68376
15255
1129
66090
6915387
614900
86804
1381
30105
82103
50775
44518
1013126
428921
55589
58602
8369
39072
1885
16265
16183
71724
61193
83426
164343
47052
40472
270171
68102
71971
66553
19793
1328476
62784
40910
44573
21800
10421
259771
59531
9845
17970
12954
19814
24728
11377
84783
563828
63287
39742
74179
111240
15390
39556
70064
68659
67076
60786
66398
35938
68058
33702
45959
49160
27494
82395
34973
6903
69219
1819
34441
59596
2502225
31367
75345
49254
81304
71619
51329
72666
80474
85929
48639
170742
1583643
48221
206708
74882
77671
26419
453298
47202
3350
48847
124732
25315
37433
41391
24335
78161
1387
83940
42698
2366
58080
28690
48188
1624901
85963
1708349
76353
987622
33570
123070
2793212
4902
1482951
8823
459991
83707
56514
13373
51311
18082
53225
65441
76869
2778800
46599
75531
34408
252821
13550
75318
27701
363241
57
2794710
11535
71368
67451
19838
14156
534648
148423
84533
64763
12164
65598
52386
85695
67262
72625
78264
31754
24808
5802
4080
20907
900502
3984
19315
42966
21999
23576
9092
7088
64234
77555
82089
74683
87525
50347
19743
30039
75708
32504
33053
82622
11630
42812
42284
53033
12133
71037
2170037
15106
26161
63430
30382
68712
75631
76210
80824
63353
71896
42198
153862
67905
24482
50182
2034658
4118
18820
3040507
53175
43090
61158
18913
73345
20181
55006
646
56274
20952
51494
43046
72626
81386
91639
62082
74451
120876
46198
70852
60573
68755
21429
42969
175353
60564
48274
12931
33012
22265
8025
35495
40655
27087
70985
13858
64233
46046
2947302
321
31671
32705
1847
2599610
1892
65917
34010
1022223
47172
86362
413153
19936
19917
48636
4879216
28283
60383
87696
58686
54273
303182
8337
338722
34415
39306
5620320
59922
12369
13646
64023
59215
78934
47930
20793
9112
2965279
251784
76057
359014
18186
26973
47247
21182
3057180
598017
46880
23404
26808
63178
6384
770
28687
6426
128283
2118315
99791
49673
30179
34684
73292
14524
6884
54845
130
83633
63866
6492
59059
82554
13194
25453
20473
177327
22893
71424
31894
40435
79709
53610
18309
48895
20831
398126
23446
74727
20265
25788
52002
39974
55159
41461
25444
3433394
19752
103155
42999
50508
53208
34102
8518
4842142
23207
78828
34263
62824
52191
86118
12042
222971
78247
62360
54002
52026
29717
27653
681
58565
78471
48731
29649
24387
52120
80837
14812
82223
134638
8189576
39928
10896
41714
62351
18454
14526
20586
2307
31738
26969
37742
75498
420345
44122
23568
40014
15312
59007
42507
30117
5019
65294
39
87978
22187
81226
18735
67701
26569
84130
215898
45733
81264
84976
1778
41604
43222
75814
44496
4532
263540
22491
64943
23138
55450
63519
71422
50924
15069
6437
72842
50376
79819
56507
3810
12391
1964880
8373
11118
45784
23896
2874014
34595
29541
17848
37385
28756
6061
52671
33320
57923
19988
29904
252547
42952
77243
1984107
2832460
118312
20486
3208006
366030
19276
12873
22969
39333
38925
59437
73157
57425
881673
1894248
7933
74245
86473
27576
45154
20682
36375
73163
952158
52970
24198
40544
5800
463
54313
8746
44560
2522
17101
19749
30122
144294
75889
34599
2900
11378
23663
53416
217929
84597
48074
37608
81833
83946
82134
53624
64627
20647
74506
80505
50381
101668
86648
57092
21300
7755
5754
70303
2999
35010
104077
2895703
49650
31014
50200
67905
81583
45412
4355
40779
56121
139403
9575
32691
30561
84300
9928
13117
1878
493246
60000
38200
16249
44113
113683
5890209
13812
62140
62137
107977
13583
86494
3591
7845
2060878
21367
24083
10353
7146
48726
19628
12997
67262
75494
56366
10847
66820
6768
17291
33710
73695
22043
234545
25227
293325
17561
39510
59847
61188
37094
50166
41916
413285
51546
54937
63293
5997306
544317
78816
31939
21747
43052
27679
43222
30629
31326
14790
76397
10418
10699
79166
25425
70666
76462
37512
68460
46363
71382
9583
2034
13474
102046
11220
22840
60068
213171
35518
243892
72796
46199
22343
65629
75654
13512
3361303
44774
77352
5948783
73736
7198
84777
250649
42799
33201
61019
15234
70170
44845
52933
31222
24056
21220
32524
41705
48469
5514
56455
12607
22757
76920
68516
15177
37120
65011
70344
207175
72890
34281
24908
44750
22175
66189
177205
81466
27452
2513012
73426
8418
39971
54337
16123
12493
85737
19834
86236
10456
23835
22383
11644
75571
50286
19075
10735
26996
37741
153322
2518
50476
36597
54856
16599
40986
87828
86262
43408
10476
35195
3344561
5216
15913
32484
17036
1032702
16696
3664
53675
78465
5941180
67547
7824
7603
81943
25441
29148
23578
1044301
32891
62943
37079
71653
68587
80495
242334
55196
75127
48307
50254
48080
51178
83927
86777
36612
17963
37634
73455
15900
63014
33687
41749
24367
79866
61763
60002
436942
87357
24888
83124
5708
77202
32931
3293666
86509
39812
22099
403
30269
1242661
7614
30385
59172
1043267
34975
59637
7177
78986
44063
62725
82403
9178
3269922
27720
70383
29913
13055
976956
80436
115493
138638
18559
15647
179958
52065
76901
22376
37753
146776
65489
36218
2971090
58858
55118
399397
87165
60180
75778
64133
73196
894275
70733
5599
71063
4987619
99248
56648
43323
42295
79393
67033
27914
37391
7553
67336
42360
22406
5419
9699
27986
52596
16502
864
64779
52787
13451
35780
5316
34354
73137
59137
43030
48295
1577
1538
68265
8285
51011
26155
9179
1937932
16927
82725
58849
24330
48920
1319087
51659
66760
30318
27349
16378
41330
57483
1949234
72863
79446
70354
84232
118195
84326
40367
8287
43173
38447
57292
75707
86701
3790
14294
56775
51720
1830
66073
87649
20469
4179
11637
15613
33607
50048
8367
35223
83993
39902
58562
52871
49190
86195
50625
46801
1691632
81864
5594
82437
51932
67099
39483
49140
76074
5448
16258
46872
29149
52073
43481
33048
41045
8337
13051
164707
38156
45461
59382
78089
86608
22289
65299
1115
54062
15858
60741
471396
67916
72813
61579
3043471
31784
70639
430
12456
78546
87871
40814
31933
86950
61985
39570
1582
53680
4101541
61648
56210
51001
1437
82568
28218
30093
81267
79658
48388
74002
17794
77098
29541
51551
6017
73872
492147
72812
11021
88459
16274
55923
856264
38977
87070
29638
8989
85681
79779
15794
19024
64521
73421
73508
162919
35391
28018
55547
15587
78416
80582
40747
51319
27427
71034
78889
75757
81078
58701
33102
34801
27129
41289
19390
44337
508723
86757
58678
65754
56445
11538
15249
3074609
2573364
84950
9102
31082
58127
74184
6178
56766
38748
65574
52979
28262
76244
63613
13779
68577
69363
26965
1982078
28031
40862
1010003
13787
75126
49038
18730
72338
61622
79743
56049
56256
53538
168984
67005
24682
5423
3614
51804
968105
18924
82877
40578
82219
520850
47026
4520
612
54156
20705
59510
277605
9781
49954
113253
58083
43388
31691
17146
756307
83422
78515
22385
86165
6557
86848
1025610
58297
30380
34620
60802
13132
1950880
60057
38739
28611
4626
76466
47293
31491
3010003
3590
21806
8716374
86731
41594
43576
54073
77627
13945
29750
82859
26847
79794
23601
23271
33392
23751
461358
11796
217404
121480
37236
10589
54804
76396
39306
63633
5853
414073
55131
58970
39630
56371
40849
77717
320841
23903
75677
62453
26857
6512
48412
60693
61881
50044
32296
66952
7115
11544
74089
923446
81701
87524
11961
40174
5329
10932
257368
48684
15305
49124
30320
983238
38491
1408404
80924
5839
10824
72546
6811
31218
487491
8851
42020
30223
65837
8603
9766
51462
75628
74238
81192
22135
31827
3460714
48149
20359
87045
57950
25481
44889
28554
26771
60386
15262
8162
17011
51850
60459
11091
168177
73511
61073
83338
4900047
28498
45818
54007
66163
63594
61100
20788
73780
41836
24947
22035
11291
49296
1988
343086
43437
85659
73776
6888
15750
80446
47722
15952
4120174
8009
33047
84697
412452
79423
2021742
3041405
3884877
24668
59288
76229
8492
43701
29866
32350
12492
17837
47194
8314
54338
22106
65856
78520
30848
1742871
70840
66063
32376
67287
44486
26116
58212
3408179
18583
1000995
79150
275750
54042
32501
1004864
69326
69070
75171
15694
16060
3973
9554
26062
54882
16246
70252
21542
32211
60823
68559
41153
87157
78151
13727
78414
20902
49860
61985
33919
84797
53104
46778
37582
57286
77160
42517
33724
21596
65635
20523
24813
61690
7433
25740
38467
490715
718311
83922
29482
49137
30507
50550
46304
24652
74154
495
437992
23950
50275
83113
2589034
926842
45767
45640
57965
81144
30973
48083
45470
42817
36987
48690
56912
32080
69617
84952
64231
18425
42516
34685
43389
76110
37295
62716
48631
39491
25561
44934
3317573
85529
1863
81779
1000
45547
7567
23744
62343
6097
28795
35119
77747
78364
7231
15655
43091
37607
797346
5277
58979
66209
42602
86580
56771
64474
9044
32074
25430
1814
689554
73449
4950746
774
32209
47925
82882
67593
73144
47074
71292
34838
29008
30546
1622
78938
67122
31285
85538
11820
13494
11734
79104
16137
76336
68006
41502
4923036
57359
35810
81921
66509
35329
9431
68190
30041
20357
51379
70796
105346
86006
7793
38178
58665
62180
35328
204966
55100
5274
2682104
33904
1022094
2834347
78943
43779
6971
30964
35216
85949
64575
32683
38076
1224327
53308
87771
347
270679
87245
66629
15019
81306
16408
79390
42178
3602
23483
78254
34786
81804
69030
1798
67141
24430
53509
1102
68436
57245
87145
49691
38797
57328
3516227
9161
72846
72301
32329
5684
10631
25625
1574819
24861
43648
33160
154477
24207
86867
2811772
44806
3942
56043
369038
61630
17145
64299
27835
44842
44849
29899
55842
53279
40743
72662
33657
24426
76196
77247
2934851
512846
33592
42102
74925
81060
9836
67548
1270
36408
31227
8257867
86887
6262
66925
61225
16791
22969
49298
5153
649470
46730
44557
53326
60495
2606983
57954
43534
42549
23831
26642
25397
76067
2868731
64082
37966
63511
28637
80246
66068
37353
264575
112306
78332
138864
71127
51960
31946
300082
58543
5255
69584
127568
13532
104838
85357
8722297
6443
21855
17320
20608
36619
61460
39589
51957
59173
20607
1924306
238803
9023
10379
12294
55236
4853
75632
67593
37130
44446
41054
392172
28071
24488
75404
57500
19065
73236
904
68724
65998
7793
81212
42972
36693
10255
8835
55923
29922
7905
18669
37541
63968
23651
11774
1992526
77506
204666
85482
51896
47389
69145
71146
23297
34678
346651
146571
59426
7949
59629
77801
74025
46196
14204
65113
75002
31620
1697310
44838
48018
65075
6506
81555
81211
231839
73115
13966
70893
27316
25180
67095
6340
5751
12651
69357
11288
23141
199108
55617
6634
61740
20911
29008
16464
78230
59327
5279
1659126
81730
32058
49868
54453
18474
41225
29843
78723
85589
15861
76849
87963
4155
6925
1851
65550
68013
357
14760
6872
84705
101110
48337
35211
45089
54539
83489
85632
12403
41445
82869
82853
62704
70570
65899
56160
4962
8225
32891
49217
22607
31912
54008
159080
41599
70988
137814
69345
46625
166480
29123
19396
56807
42064
2491314
44061
54806
71626
24310
38950
226
60201
59547
36354
20085
51117
73561
15073
62185
28911
42376
16558
50718
44169
77736
29153
6941219
363924
261933
404096
43561
8870
64478
61887
6660
39768
20238
12463
38948
36442
445960
102151
84604
10900
46849
285174
582085
1683780
55833
40838
36721
29506
22810
2027
78222
32811
11870
39993
73126
30218
6598
100269
52905
28468
36884
29052
22024
85705
51496
32744
26270
78913
74334
85259
54915
170891
144490
10646
46026
48362
57031
12400
162155
55437
76109
67995
30026
26619
29440
69975
368930
78080
243810
84685
83471
22944
35002
68862
3207930
60732
29355
61110
30416
5788
8304219
22617
40106
63330
57255
19826
87749
55130
20886
49204
79755
60712
52575
9264
13067
990655
26151
26356
57313
84510
63613
27971
67543
10863
38183
10228
3151
22162
6908
72500
43969
16071
3685
61275
33171
25553
29034
40179
38977
87722
76302
37807
62241
40572
52904
64613
4202
226424
65135
8121
941531
12452
65259
36730
918600
20521
10965
66972
142579
65465
11092
1674593
43151
78970
4087511
1041725
80302
14458
1468
32218
8453
25541
145247
23654
4419
59765
56866
64156
50173
61858
918654
46002
13966
1295304
2311
18080
38833
83535
53949
69965
46502
20167
78761
48602
3925283
33784
56244
45521
69888
62983
57391
13746
50194
117867
25641
2751
85171
24305
60094
70836
74259
3387946
17090
4972
15448
20194
23933
26722
85165
49965
48289
70341
1904
26713
1954600
54573
50819
73558
242867
57359
35958
9479
157283
75201
42715
55093
72697
64641
56718
49384
47275
24145
1764
19427
3009784
44389
2949914
204179
52595
63104
79146
53346
38305
49660
12217
9276
41336
5005
36602
3948093
6905
40029
86753
72231
68327
41172
31779
35839
78566
19913
23159
85390
15856
47793
19924
47677
66640
63441
55876
12545
163752
19065
527280
13924
14059
62148
70939
34860
16004
31146
6524124
86362
3928
71525
46000
73724
30736
11154
14068
23559
62448
23495
78891
43648
28742
45588
2041
23175
39016
36032
78411
524
43503
57961
74748
57965
24710
29367
68122
1987480
18544
74079
59556
62267
84702
3401
35510
39361
39394
5768
36937
121282
7326
8215
82719
73161
230887
3889969
52084
52383
4089191
64479
60027
41468
43884
477314
9393
1952394
80963
60369
83859
37444
65525
76791
24865
39539
146678
937380
1638323
4886
24824
37099
380663
102624
13521
81466
164614
54028
87269
67034
47493
34634
28114
59034
59632
41036
27827
61020
43330
81638
3001782
79147
14931
60757
30650
52348
68873
16407
86509
41145
59729
73041
47733
23997
1397
15097
41022
9858
18344
4355
34970
64832
72991
80548
86993
83635
60158
81580
7551
9564
43715
12905
85293
79287
26447
68708
60547
8642
55059
26471
66577
50171
82001
44959
19502
60535
46439
82601
113895
21136
845569
370600
168052
79297
1899941
17206
4681
5756
34045
77021
27088
55004
12074
54626
29522
41987
37426
67265
34383
13826
70277
22097
272639
60405
35406
85045
33933
50352
6193
17558
1341101
111549
52367
6522024
64393
12602
23083
16657
25954
36839
8839
2636
189207
6229
83770
6935060
82952
66251
22389
23648
124868
84058
56688
45866
39095
21545
69937
86646
11588
24180
5487
16672
47871
35686
558190
65662
17752
76044
35833
79342
26868
42538
65804
16088
8267859
147408
4401
41066
25743
32878
83383
1812
55352
57661
88626
18710
147824
74221
72595
42577
1502545
39477
86790
58997
157878
52018
75855
32377
44334
44896
481358
28883
51681
70944
48728
224695
43036
73347
71384
79820
7620
87933
58209
50835
18440
61299
27628
34665
62243
67589
77410
49055
47387
79318
60483
72154
80952
50763
2718
22300
85700
53632
23890
68186
8504
86562
24230
27108
23003
33887
58651
44688
35746
9291
47306
58557
75739
45846
31953
2845242
66475
1011
10049
68875
21759
50731
45182
3920
63788
3004
3692
4991
12830
61476
86538
84096
3016285
3519
60882
76684
64489
32659
50595
68598
32664
56382
2882
968735
41819
1135
76102
1055315
24428
36752
63325
85118
63589
16845
20987
59289
81153
2596
74581
10010
54
87246
83578
186038
48563
1011685
78671
58360
79300
17874
1008851
19375
77719
13307
4963
68419
48007
43849
62298
46240
9567
75399
31516
6683
113842
3491025
73046
53232
23580
6345
22323
59751
46575
1012504
25112
54391
5706
67974
87688
83062
43305
11299
85265
19883
19742
22107
4484
19241
174973
14061
52426
54173
18259
27268
54504
28011
47061
16794
48762
21858
62030
46284
73409
72082
40041
44646
6291
86973
2396
5826387
64345
113822
55403
63528
64425
75954
23497
13638
7043
54124
80362
51304
14939
40782
11736
30996
14681
7866
44058
54360
15634
26605
82388
27609
3587
21981
16245
31770
85314
232598
77237
194130
76758
64899
5401
43642
301890
64847
1189
31774
60042
87536
75566
9496
4291
51882
78819
50173
139197
522457
1031395
49193
61640
42580
202893
78815
2659
77303
32231
39055
37723
70914
85976
239925
41323
2947343
84571
8813
55340
24148
28651
13079
83725
47573
76461
28165
211322
47830
103697
7759
37713
74715
39350
17267
21672
19035
14997
43906
83273
68259
65724
30243
64910
360625
32219
52115
12923
3554
17591
15131
63804
6242
19941
1695424
9745
47025
46433
23447
33643
90934
2816956
126277
24093
38394
87277
69697
65397
78215
22525
300953
86785
1713
53954
77594
1517
1663875
45276
87630
50237
4973
23317
20875
26619
4380
87195
71341
87369
7566
2412
14934
7500
9028
50216
19629
49607
38428
87078
6592202
9603
83740
70713
2744671
30130
8306926
85201
70944
83698
70103
94569
20316
11189
45967
38696
73020
13588
52961
50181
57829
1781
27135
83149
70604
25033
54524
4667
76976
53043
66135
43798
43719
71156
2462
38486
17539
234688
33326
900419
7354
21435
1025449
55502
30203
62467
57466
158397
86141
37588
80719
80202
74191
75925
34584
10857
15788
56452
37450
238477
32388
59899
20147
83158
8952
9195
240778
44655
68298
2771
60077
64855
572824
4962781
33379
26928
49223
35230
66502
64459
16477
12886
65576
22334
60450
1795531
64846
3977
9619
82256
57888
59686
42155
19828
77046
59700
63344
69129
8014
43820
17305
10173
47579
52146
1126
97398
64022
23237
42569
38273
65801
64657
5339
127810
51397
82758
69520
3998
30217
71647
473052
68847
34943
451253
75967
85695
53406
19191
22733
46874
23309
32192
23080
29534
73821
73739
14057
40178
44238
43524
37427
54818
11685
71314
67139
86744
3093
37881
42637
66834
3934499
78306
21909
28342
42690
89470
7290
84068
61515
67750
21396
13063
30563
352050
29723
2982
541807
3422685
26308
2664
16931
194940
53122
63408
59025
34630
65786
83518
30973
28405
3010637
85112
53411
63132
2673
10427
58872
42074
62734
31321
397960
2050
34028
11983
66224
57738
11662
1938
83656
257137
62383
6591006
36043
46704
108677
10178
73938
2332
63475
79399
27770
35624
77201
121932
53992
47166
121523
30620
9395
6643
2603625
16477
26023
2587338
33959
37640
74642
41781
79318
52544
53321
82124
12627
38246
43109
81820
64087
2451
308459
74665
1351474
65225
84248
137815
73523
73391
23
13676
33014
83564
23035
34050
42966
5306453
54588
78428
72685
32402
83525
81803
16676
16552
22169
62198
4904
13741
157567
21376
23639
57638
61343
21174
162562
74705
62760
16485
54971
76364
68735
83795
80742
60138
57459
67609
5073
553086
8240707
12079
35039
78899
86849
7632
34458
62006
35620
1367
35890
78665
1696137
7745
47449
73338
53821
46551
77372
4572
44854
22284
2809204
57499
30602
26836
85064
48353
144397
22679
61132
42932
84271
51463
62840
52598
34492
38533
59840
18572
2934177
50610
33220
35940
32798
8429
77265
47850
85160
2758
76477
216952
7308
69938
362370
40075
2898121
4917
31262
17891
368564
38171
68885
24999
112829
8705
86536
34376
27470
78108
113019
30728
67828
389956
39586
66417
36327
67191
12653
98803
2548769
27930
7828
46175
59572
48736
11097
43347
68915
42065
46551
12112
11875
73047
16022
18793
7519
57016
71151
44517
1843817
482933
21538
522075
65286
63119
25099
63683
17928
11072
76829
84221
6062276
13709
47469
36251
67598
53244
39900
87628
84772
36185
75929
198722
155935
22837
292213
55472
70934
15110
41416
43763
84923
136777
72491
39913
2049191
80288
59857
30392
63646
29868
83539
43573
30051
52127
57554
7654
59301
19727
924396
73458
84862
53784
4050568
20232
7197
1176
40506
80864
87815
73515
30885
26618
31125
58344
8061
12744
38867
75875
24265
9970
25861
50617
77063
44826
78140
48031
58310
17824
72869
53796
54973
140300
49563
59095
158871
20225
61211
71034
66540
84096
56685
43121
18450
44340
31345
16413
52962
196744
175758
57620
67104
37970
482590
70851
172504
68497
19381
55530
57982
18224
65641
69011
24665
42251
54743
74785
613069
13409
38991
212888
3918658
2845194
2176
34958
68622
72212
973276
3518818
61214
1915
71630
83351
51763
24536
8407
43669
6196
6010828
42523
30649
13332
2534786
60230
2552
66813
4988834
78223
31851
201240
61533
62345
109587
2843
58948
37019
24040
350810
30631
39772
28926
34225
86676
85475
57279
7002
68640
20486
162124
1243611
41816
51076
8860
87713
44088
62389
66596
45689
981083
41766
56929
66362
35301
64101
74542
67887
124849
83717
50667
72093
4886
87310
87376
75583
80057
48202
34659
84678
54778
73422
4273
49178
61038
46358
5209
61289
6846
83890
64908
45348
13504
32457
28629
22097
675
84422
50522
419955
29506
11854
50530
55531
5920
63040
29429
73869
85152
66550
60712
84794
383481
61193
13076
27016
6091
109451
200356
83603
50318
23823
987276
42119
19808
1629
4864
6542
50321
143837
69941
56635
61772
3272483
334198
31712
4452
63279
48976
15264
367358
73937
10844
415152
60761
17516
29722
65745
87193
84873
27267
55533
1882
27074
23291
64018
449432
354480
10891
373731
2927225
18051
53988
229472
87854
591962
991353
9332
15144
1280922
34357
81510
34140
29864
49806
3338
34736
523564
48396
8183
22269
89606
18847
26184
2615657
43154
49540
56551
54383
20661
51270
5861951
60176
40798
84977
31972
2651
44981
56340
22285
26010
12055
10864
66333
76273
3710
78705
72895
90753
130497
19626
6518
87398
45698
110982
8663
31337
67470
30439
21079
57008
8233
24091
57402
51631
11608
45760
80982
35510
35818
81562
68170
1357063
131670
35730
12177
24699
553226
2554378
30766
77173
117687
954189
15960
77531
69052
1183053
26613
55424
19939
6774
26714
56456
84568
79487
1710525
462595
53575
51559
31795
1045471
18047
62832
84070
62225
67918
28323
51454
37726
22772
42218
2651
38491
6182
80322
12594
78758
2602333
32146
68673
32424
13123
11064
84163
62837
289336
23784
13570
5317788
84510
8608
4124422
33572
1741536
32806
55535
514378
74767
333038
71458
59232
45660
397780
54974
22136
46601
42792
45595
34391
17783
387
67987
26044
43469
77968
2132
975882
160627
74488
45868
37253
848
236128
80717
15908
69123
1711997
31801
26731
27594
18
24544
2634839
12702
76083
87865
19171
50199
56945
6091
20155
46752
4060
1726090
69530
78737
56195
35737
61592
12309
33791
68180
43823
77082
23923
44764
36780
130715
71427
58780
49704
24220
3958537
69579
39845
21317
44597
46494
35715
10241
3514
48266
6227
72027
44721
7485
23627
174605
138091
67498
48545
1942
19178
950
57141
11868
17902
56879
57876
15779
25674
8398
72437
36711
35884
72551
339694
26477
94822
54618
57141
24854
53921
86168
2908
157778
58688
61748
64274
436295
150126
1681
46653
57668
78891
38124
15042
3359
55238
181190
30123
17538
37556
24824
68206
12102
22342
24949
64074
69339
2585431
61837
85181
163457
4751
20110
869
27837
23551
78865
19637
78359
34393
161381
11651
13940
48841
54002
18617
43488
40784
36974
20095
1729247
23226
78621
358093
44481
64384
483682
54005
41979
58688
39605
87638
62931
40413
63625
37712
109540
68723
16389
30516
1993750
9243
6433
55821
52273
42861
76792
87764
1012152
40319
14302
31545
46951
18577
54906
33337
5911212
70332
84359
43558
54916
77071
81924
57802
160523
83676
21974
77288
37344
44636
461684
15340
24171
22500
68045
43183
33750
55967
45887
10630
58359
7011
38587
24776
62599
5449
143865
42534
10922
41320
39078
69126
58756
82046
87857
86291
10887
44834
15684
51070
25935
39396
27191
6522839
79095
17410
12171
46973
21503
488043
67707
54524
74393
937697
18579
63778
66014
4146
10813
23929
28364
52333
36651
74588
32756
38151
9660
34666
489227
13404
68101
33535
6956
139991
2992833
68298
50228
19320
36803
47863
82348
35067
31154
86680
44364
58603
51498
86409
65604
2387
41076
72777
60258
852
49609
33840
87283
86174
69797
14279
17135
82033
17658
3212
68736
61022
70553
76622
171553
193
39666
37034
55449
131622
76750
68896
83651
12171
65209
94570
78263
176098
8768
26948
108317
84686
26129
2965258
44391
48783
7433
810482
140130
79053
2356
65321
54614
53582
32884
67157
207092
60654
42834
3631116
72663
2481
82977
4076027
65845
40433
76742
68079
2293
50439
22443
8395
209822
4693
5555244
31212
763
22287
36605
79099
5352191
58626
64342
6559209
50441
40555
991756
78446
548547
5176
30393
45155
5349
33331
2513
100537
30778
68575
11973
67494
35063
27378
101093
87858
3622342
41336
82558
51831
60447
5059
82476
261925
83059
60538
6655
7985
84418
76539
2845
86585
4043
174795
47508
69026
44356
229656
33303
1393
3841
74118
2582
43958
41337
23842
45667
56339
62400
35062
16186
51144
48668
5627
1629369
1668208
36685
7124
50217
85638
71365
47297
29098
12070
81212
56095
37590
385
53437
4329
65059
5164
28355
26270
2614
52472
49250
66797
73243
5583
82601
154299
79441
12937
16510
3040
2655
1523
24917
83808
27658
38523
82303
77479
420862
13880
47034
6949113
58643
93723
12448
54992
33596
