81887
2195
23706
30918
39043
164486
2642
269017
66871
15504
80925
475932
180994
83167
19483
5178
23184
51932
65221
19545
66297
6596
17557
61397
52264
74958
83022
4971
82228
1343312
75931
50793
76807
84056
4603
3406116
70014
3818
70912
41475
27942
10134
4522
62977
69853
86365
1727
31863
13684
11587
43859
7544
73233
4070
4742
74214
77533
37834
19497
54231
87035
38719
33350
984185
2847308
83755
23790
5280267
6662
13339
121006
64906
71618
44198
21502
85430
21595
68604
51325
78883
85554
14796
23793
71104
64697
373229
75337
55100
6929325
1334
2204
34072
14838
42864
59039
942
230113
67408
1034501
7103
61884
74356
17327
69080
5955531
28830
70350
26495
24528
30187
4916086
7416
43673
1052569
9903
50399
51989
61723
46738
8594
469415
67880
47951
86659
34492
36711
40053
8798971
82125
76450
44101
33616
22157
50875
10778
56155
84662
12105
49579
34218
491908
10321
24679
57715
23333
64647
85045
33334
81375
11797
154433
56415
74170
41386
45661
32476
84054
63866
83934
54503
84935
53001
2572
69372
377350
59253
86795
71744
37368
9439
34579
31738
62714
4572
34374
86872
29788
123372
69258
30750
60800
61963
87819
63859
42523
64348
7049
78973
136179
39863
49306
16646
53940
35811
60903
50358
85931
47306
32479
83978
57041
3238891
27279
13344
37355
20316
74530
15051
359828
55447
68228
2648848
311884
78900
35511
48227
31611
19587
32479
149353
57189
77741
4292
1198
175896
56349
1841150
59180
69247
76436
4116341
68808
75262
142860
60068
82859
31008
83914
66025
76315
24774
12111
815
3928
61093
58127
77332
1783705
1252
63197
2600
6033374
9662
1673314
36827
28782
41335
67528
2846358
25738
43939
48562
52118
66268
72701
78195
28771
6316
27292
11310
56114
984950
166462
3351
5920591
4718
325847
32256
22565
10081
31772
62011
31569
45610
3299276
48556
6970
7243
25345
20115
87435
29725
15355
80808
67633
4202
15102
24723
71669
60245
61555
2942249
57367
23613
72149
8674
37882
55889
83482
68553
18093
60755
47050
42403
156003
28161
46872
66685
59227
777517
8121
45884
2994734
68864
39776
50708
48414
75141
33182
67708
12037
179929
87565
108465
71427
59297
83239
10337
2472
2687886
32636
17158
70681
43429
79916
38250
17997
98274
85825
7090
39957
52813
44356
17666
41095
64611
86733
3899559
741147
5931
29551
997695
36387
3651
21883
22981
84080
25461
33724
38077
58758
81582
48121
241955
446811
19433
71890
70063
5563558
40706
11120
614832
45406
51028
50242
59776
31653
148579
34339
65025
21181
33151
55149
40874
34761
82352
1838
4347
143357
62695
21685
12959
86466
78119
68746
2053
72032
77128
79749
46986
8904
55806
299683
51589
50674
1025216
87906
22279
38010
64856
73568
3632649
72736
42389
84990
57965
17568
8217102
81431
52324
64898
5183
58702
87680
10919
35464
49173
5418
5677
3695678
8432
28296
172619
35028
2508
294
499699
478132
30153
24622
76619
1048956
54607
517296
45030
67002
4607
18583
70332
37803
15045
81948
26757
20463
75345
18980
67021
52904
60841
157819
81510
125504
83406
29508
48925
83392
29151
12106
28431
80718
70126
86324
69192
21325
42744
3520
43063
32052
32527
36811
87726
859879
52707
22685
80065
79298
17669
18573
27559
22360
40852
533362
58552
29958
24905
1312613
73779
79917
18959
64545
173841
85637
58060
7930
84387
298474
40935
2853
27928
14563
45139
2512699
21125
37703
57641
24496
659140
106494
33126
66801
65614
5302
134692
4395
76568
29308
28819
22173
56967
26772
3205308
75486
2096466
156
44088
24906
98470
78199
81061
83726
35927
52682
66281
15080
79046
55329
81556
26641
4329
73552
8573
26577
58782
9482
30121
4018
16846
24932
83306
5389
29095
31986
84222
38827
91939
80321
52081
13225
542485
87871
73825
20159
66674
24878
18206
12237
48393
47149
48529
77964
29451
51552
3615940
22019
15679
50533
9724
42965
48122
43467
41016
74676
7451
6057875
2037
12751
46659
56908
4640
51692
40036
65884
5669
8197975
44979
43206
212916
7379
21618
72321
74170
8585
2320
41703
1854
1179971
56465
59639
42882
22276
7183
14648
77901
5001938
46998
3668
61570
26103
86336
60704
52237
69794
15782
83510
33499
43529
54393
64859
83327
440
45499
28398
1202603
4999298
18052
12004
157827
76420
1068
1222587
37457
251520
24250
87176
1986053
68409
3348286
81284
40634
85201
3341
6796
39877
68492
212619
67148
84908
46563
67606
5086
163508
82416
31241
18630
52142
57047
5008
41070
41224
39442
67548
57672
1090
48532
6497
18382
20085
2076
63217
84333
2949762
81637
55913
52387
136259
31268
3631
22630
4890
69057
47010
41585
69056
57566
146283
165523
670831
23005
38970
63150
68720
49745
1039268
46770
49474
59167
84663
69696
413648
2621
63194
39259
87052
53266
83078
84890
4824
9933
16341
40301
12478
63413
50766
1537240
7970
46411
72585
19712
30371
3452
39008
37697
19243
54413
83806
287633
1759666
36282
54689
13160
18588
294263
6468
81360
1021316
61163
41389
38614
42121
48529
56313
23446
45219
2872217
64698
50866
19004
39966
154176
2770045
4493
54241
74986
17914
192652
145061
39366
46294
65723
65740
60436
2785086
32850
77476
60402
17817
68565
24885
74737
5043
52900
58415
66383
33059
39480
2631
245713
33845
80153
20757
78983
50824
61312
38634
18653
59618
49498
2716
2798165
370543
4313
32673
81665
44054
44473
211661
37757
59815
79381
5457
34731
25046
31962
1654230
26968
5771
85534
45441
78795
78029
70272
82381
53468
36091
1031150
66577
57088
13608
77790
57774
85463
56040
17005
61547
42109
33079
41016
69522
11909
65442
57534
145299
15533
71125
61773
26411
17845
8268595
346269
84819
51192
27619
40966
37782
4973666
28730
82769
52246
118881
73704
8813
27942
2474
31642
4136
85060
68403
14589
35633
86069
130088
19188
38524
80824
1051174
69714
91497
32414
392571
44115
77495
26599
20986
42546
17008
56941
175917
4854
2600757
81046
23150
71170
71173
41773
81175
26153
76332
69015
13961
58178
72789
87754
74715
2577103
12018
83861
67802
76235
75985
54193
78396
52939
81887
69393
46561
50818
65558
35533
5345292
28550
73656
53325
74045
41190
6252
69857
2111965
79623
45838
65320
18098
82494
77810
35645
3395
26037
53107
28829
971413
17029
72174
9109
27873
80581
4289
17776
42659
23511
73537
66711
60723
13880
44989
29829
2614449
11514
32501
49614
8674
2961259
9206
53186
67191
13547
14599
64760
30558
50851
54231
85115
46199
52945
65912
60901
69283
32798
11839
28399
74450
49650
8320
17806
41625
10168
50231
68205
5544
61053
82383
39150
82636
27641
57391
24740
19725
42447
1042
67699
32039
115578
11432
993072
39073
7097
61710
79461
29802
10707
68061
86151
77422
482775
67769
51202
24809
31329
2432
30469
15137
63886
47568
59051
74203
47737
13836
53079
970820
66883
86877
22993
60317
87928
53067
36663
73130
61141
19299
44614
32815
3877814
74665
25248
34734
64171
55295
46361
2253
11461
28783
6014
18983
50369
21040
29469
63250
32177
9188
35702
59551
40296
49217
59280
1047427
75077
61067
51593
4949516
24791
55479
37467
86569
52706
386624
87002
87683
9686
195211
28140
114275
35361
72855
81614
24450
56551
69542
593210
16642
26339
28634
9765
39568
25283
65149
68243
2984877
4649
18644
28256
46504
20520
26008
199095
14771
76145
18997
80324
980140
78586
57173
5819
66645
70081
167655
2920289
72856
27220
73096
6874
52274
77445
31202
65932
78855
73738
58156
84022
31146
73856
3122
42562
76876
27130
48231
77684
5608625
87752
85413
59783
14564
64887
8853
77826
37049
32914
28065
31693
46193
73670
48040
44552
31205
34064
114598
33912
52553
57333
79492
44071
15673
13009
12384
7348
62261
49949
59737
179874
19079
4365
6343
52185
63213
19054
34816
51869
48477
31957
4814
57824
3625
65857
2651
79358
47514
84615
18430
74610
28728
77335
49279
34066
83934
31285
41295
40885
20480
57869
26882
56648
3157
72956
33659
46790
17298
99653
17447
145408
85552
263535
34320
988992
26966
84393
83555
32803
6419
3944
5713
14193
1002183
79557
15587
68692
1670
73881
384393
22151
108534
5809
27073
18290
57525
74518
52544
69290
79293
51936
23428
51836
61817
77869
43742
15844
598272
135349
34104
1743
39063
72792
123649
152093
4341
19054
70748
58648
49530
14572
79666
16400
73822
31920
85574
68375
68428
65184
71387
32918
78598
813
9003
14682
38611
15367
54818
29666
85329
13840
207637
6035058
41385
28234
575509
5079
29659
33405
52593
100129
81918
42562
37209
2999469
38302
45620
189604
32238
44524
47524
69150
44362
25832
75643
78580
67854
35130
23616
41426
13017
1319
38427
56176
83015
56955
19316
49880
53505
226838
32192
18524
35856
18424
29180
57362
17328
77606
1024700
3058457
51558
1493562
42238
1325998
18969
42487
30805
44838
58015
78856
281371
43729
19944
6063393
69643
57030
12933
49639
49760
36103
69727
62464
3565
48308
26900
796343
83449
5565681
57232
55770
49590
46504
68094
317
42402
23047
43300
74260
76335
39800
56593
68965
65492
38673
40638
67270
121266
36352
78621
82736
66041
53649
7246
46061
32024
54194
12901
464053
4909603
26784
8367
264
13178
37567
150824
37146
59125
51021
82347
71341
47793
5296607
77158
35414
32352
70049
95460
8631
18087
68114
1044119
82732
32994
73972
55840
62093
81536
62969
18626
16931
64612
46477
23547
42270
37135
55342
13145
77157
2837822
6879
9791
34188
54609
70641
26743
31881
38715
39113
15461
175533
2250
50597
22557
40618
60168
25549
68050
44472
31214
83526
27343
19612
28294
463701
99305
29594
48954
466787
44914
86241
87344
5780
65352
72753
48022
13320
7110
78251
17098
62450
813
39229
84002
10406
85901
63017
65796
56957
29581
21392
79498
82214
48773
12170
47759
63943
76725
185070
18713
312
1592164
991717
4530
1382895
9749
7353
5749
1733290
53156
65496
25847
60641
45918
22188
23115
11397
71800
56935
51407
50410
36940
79140
510998
35502
10663
23942
38413
29534
3230759
56235
32384
85202
8627
73494
7106
9298
20120
49966
61176
54936
46474
11002
93634
84198
87219
78865
390328
66096
10229
6961
30827
2164
60639
15183
32090
30455
81548
42191
20459
70119
69978
9494
59480
9799
44815
5284670
62056
27837
725
26883
21764
6548
54547
75238
3995
2889363
158463
28819
171323
894451
74752
72968
30119
53735
189988
43105
7269
55032
35604
23776
51417
1927026
59893
548055
40691
57101
52773
68508
37422
74631
37218
11507
17740
17687
42034
36534
74065
116093
79508
73626
70910
82015
9208
19200
48765
23668
54816
10943
66212
902480
8500
16390
8989
22677
3383342
13594
41283
57532
74452
51515
72243
54734
83135
59040
18368
17952
40510
60933
36072
85044
57390
27147
15952
12059
30872
73663
39706
42048
42060
10862
40634
52966
69864
41256
12768
28887
64517
36165
16948
369828
43868
395932
48514
14660
43357
66003
22260
35424
61395
8425
182757
63222
95653
6524632
222398
193580
291019
81672
113852
33787
69148
21849
85364
20928
47192
62623
1789444
30210
19103
48320
20221
163587
47783
76404
27112
33740
60771
13542
15837
71660
79871
66102
126752
19045
12121
77068
47851
69221
16397
26694
62331
65884
41807
62712
6010
375095
74408
85827
47219
25731
86042
120098
34556
54148
41276
24830
377706
122453
6628
47710
37334
52585
20318
3876829
47308
8381
71806
35105
81558
73227
80726
3839
82960
79014
36796
11469
57670
883403
25565
24589
6174
2716
48865
58824
11937
18970
47951
33068
181393
18901
83242
74889
77271
36854
29690
80003
28009
54396
21562
3041444
32418
68744
13558
6988
2877
70581
51168
53331
64900
4342
51466
23948
54750
59235
8418
49771
9998
47413
5127
29965
263496
16949
70420
1871
32885
82717
4332
87577
2060711
84936
62601
38885
27701
64728
26816
373326
2975931
37449
71132
61963
57149
38802
10434
70641
62023
14680
3050054
59278
63100
84095
33009
55731
84989
34042
36278
3271374
22487
57940
2774
15873
526361
51229
52314
42931
3903
50089
81410
40313
20367
86966
10227
59343
44575
35197
41454
83544
13282
1848617
8165
51245
33276
1243
16346
25756
8351
17280
61038
59718
54270
39575
29336
595638
18406
18768
12127
55078
47892
76027
29234
41149
18959
1004584
1689520
56686
54425
52162
68400
51210
49044
36514
54966
45705
80555
559820
62987
21899
4076635
31086
37515
735
2767652
78456
24138
65350
67320
65435
19639
82
401055
3189716
54895
450250
28145
18772
13906
54811
794
63721
68226
5911310
41824
84162
43882
13342
50450
1428617
1010637
40581
63093
19810
190
9983
72012
83349
74602
78015
17720
1018886
12275
4747
85915
40650
31203
65737
280191
64376
72346
70132
38814
68843
51656
58453
12169
40187
1636713
76326
83278
39594
27271
161873
6736
51724
79078
30588
15892
2922609
15642
24073
72087
8285473
7369
79206
77509
81465
44128
31212
68892
35866
1460
67542
430390
132213
1855
2917487
20407
56285
36249
76085
157561
53173
53291
53993
87647
46996
25841
31705
75369
1535
55129
129770
310654
53839
52994
113997
988312
162335
121481
46380
87684
68668
7864
49323
10432
254468
89348
39064
78781
31982
20138
36337
63481
4698
3944
43220
58525
379794
37737
75108
57841
29315
3904855
262
85737
18570
174886
13733
69340
4859
31295
1570
56614
43992
60397
48864
59931
1610
49491
83187
31941
71441
1864
78992
73314
62562
62704
30667
132
27638
52525
59022
36075
52277
570
63116
54395
35999
81494
392606
7487
2126850
1021
33357
78497
20460
23087
614632
3227
74356
85267
63822
60263
85026
1462909
62726
62344
53139
18631
73069
75341
11128
56554
13140
41283
57237
79933
18778
69346
65071
41648
29797
82957
51830
24814
45915
221376
28752
47653
67681
85577
11471
40150
37931
68340
2036
87577
38194
4110920
57390
50728
82899
71677
49003
79429
66489
61321
4060856
13070
512933
79221
49956
1750867
1645
85794
25081
77447
24351
37298
28996
47481
31215
80727
284793
46226
143229
33693
6594
5584
19452
86413
9803
47801
52275
57790
4388
31053
54534
60083
80907
27175
4538
86949
9183
1582
86449
21702
80370
19852
70343
36890
2928
23585
78018
16363
42187
361061
66674
139966
62393
77033
21803
82229
40308
82591
10814
85841
80441
19405
22151
17536
25857
28581
83
10336
9949
537169
15299
77400
46325
55545
61332
71165
28433
76761
17208
38706
5502
28565
11734
62577
29828
42730
47173
63253
82854
67543
66623
56087
64556
32105
49362
124926
18998
5371
40056
76080
87523
65821
68691
6191
347894
27525
1985826
71431
70256
10067
53786
56552
4935
7875
60037
18679
29483
37027
74505
54917
22894
64454
68375
70719
165590
59729
86337
79897
87890
64701
67034
550060
33421
35208
69287
57928
25912
65997
1867
72269
221475
52727
39912
8699
42940
2689
354013
85722
2999
13436
63270
44302
56147
70824
71681
46453
27640
20606
49336
68417
13193
21985
74304
50682
1446672
2756
55207
76904
23486
28839
85349
19571
40431
49896
887234
49149
169192
78072
77056
64948
22063
63419
68804
21684
77130
50874
1276410
51511
62014
51524
2621826
1402
139146
67868
18473
23103
50942
61067
1002689
2747
71357
80563
84776
35644
68837
2020
82013
46437
33813
1872
89565
68004
70561
12212
509927
74508
496434
76417
1276
52827
50193
36468
50556
2545
41734
32981
80696
3319633
42495
453123
71312
77553
48333
13368
76000
142533
6904496
1635738
29793
42193
19337
57094
35801
1130
39936
50530
49147
2777692
18871
476
85309
85262
2963827
34993
483
46444
29421
160262
32299
12419
554758
79699
77675
37007
29982
161309
178
823
502
58107
85915
51128
2983452
44668
43925
2465566
28869
70245
2625338
68773
77583
30408
81961
1546230
77541
170
63080
14654
7568
80541
160150
1959
51083
74419
76229
5987
86632
2411
88848
56467
81197
34349
48577
46234
21500
32773
69842
208470
64802
19108
1228
32229
70051
10574
1000075
15890
369469
1014289
20761
514496
7516
476189
60010
6869707
29416
51087
52010
81131
22759
7743
336
52655
62928
14841
34347
27409
21270
23545
79317
66585
83818
47055
1397774
82337
7614
76322
44433
2808
29451
21704
84219
37922
68448
406518
11782
65494
76377
64503
32875
16587
2267
87757
77389
74641
53781
71059
14308
130054
35285
50645
795630
55134
27399
988
52625
51809
3258315
1312897
3638
31328
41788
84260
10080
28468
63927
31985
82572
72919
71323
101365
76494
71903
16948
85237
13392
16350
20960
59632
81619
85651
3070
6943
155170
58659
10712
30810
146001
28278
70416
31930
22818
898334
61298
42513
119190
70648
258848
80153
11919
29112
5008
20462
52026
42825
53832
49489
7299
48194
61277
226264
8732075
28818
52725
74192
391969
1041087
46179
7528
80485
71702
75753
4762
11171
36027
19200
55591
32047
2841827
4987
54098
70104
52058
76165
320273
77817
4322
18598
7459
17494
1012951
62405
57664
27088
39676
17579
56780
56578
57771
10859
27601
60733
65681
220447
17788
1033843
69210
42553
69118
59615
47041
1156
8309772
83260
28043
17706
49223
45283
74677
4044
87340
53167
23390
75326
43169
54200
42398
1229
21068
125837
35418
124293
59874
6297
68327
82988
66042
2570787
53513
81349
1951950
15650
1520840
77522
78665
19621
41701
74724
49921
34010
13146
65014
92331
49260
5850009
5240
55986
61668
71095
4072
49329
32010
10312
1584
71731
11322
5826298
20381
78066
20636
75056
77136
61240
6501
3501757
62359
20653
56485
16447
23530
12780
40688
9738
42623
69010
69329
26842
73774
8547
20090
47387
55043
36030
50380
176665
70402
242476
20556
57300
25218
14589
33062
362530
49917
43771
45841
47125
156508
60647
18181
56105
49960
201616
35467
38113
56084
4840900
15442
67810
141628
86747
75345
84639
73502
18039
26699
23469
129531
65908
77096
45915
82422
34915
34569
40099
3657
4038
22597
31867
83658
66983
46671
66637
38149
14796
1752959
56468
71445
66197
86638
15583
36288
13010
10960
29764
58612
22939
42712
71528
38357
49946
29539
38949
84057
34366
60502
87899
66651
75760
47929
12491
32836
47827
78360
62516
85692
221456
60696
27479
48659
40483
16059
42779
85626
78716
41748
17012
13367
66008
31369
206398
60088
11087
70973
6283
25300
250163
46134
11155
610913
180372
8425
264914
23877
76836
9387
54577
17419
48556
67726
5255
32799
55776
36231
60233
23010
50556
32005
61800
41506
1996231
48083
44600
294535
65928
70331
27037
61169
2159583
43975
69876
75813
54164
78859
39797
58314
26042
63826
2923858
59816
25895
59846
12132
82571
73005
70646
4324
36528
37028
34769
33118
8882
5770
563679
86340
54151
12629
68184
28702
35897
61389
6877
17774
3443
21624
74660
3694
83263
1930
25354
13039
84317
39752
135197
8615
6699
47836
17880
46650
34548
47920
523046
85701
23569
21141
2737699
67665
17993
85151
47355
74065
43061
71956
105651
11711
39881
41883
28758
27483
25387
17647
54115
16841
77917
8767869
41214
17698
4169
87302
22007
86530
78849
2485861
39672
31165
9345
60365
502661
44047
308355
12056
32816
4096313
35531
20769
1939661
46353
79377
32701
59258
61208
244736
74924
75274
60490
8396
51401
1003359
39860
2715
56409
168515
1988
5873
10675
20863
33126
83544
30998
13354
4006
62777
78713
83286
43046
110100
63124
12103
30560
6354
76634
2576522
33086
22308
11813
37742
26560
82846
62231
5868
116685
39507
76630
1030
79696
29554
56480
73592
33846
63622
8202593
50041
50087
53266
67750
76572
43292
10605
18892
39015
354906
16061
25821
1381068
48976
4075672
48462
70505
58764
38517
47357
41704
48137
46495
4129021
36365
15137
43556
58744
91458
68442
68576
18449
43037
79451
87096
53429
65544
190123
893369
75869
12511
986
15844
477552
406107
76944
53548
9475
84606
503059
54668
44459
48576
86090
204514
6028
14033
73947
7527
67526
1517
58834
33308
28077
11863
64338
2191
6047
6589871
31130
11978
189237
22675
58423
31411
1383
59505
34357
26897
76802
17118
69718
235809
84884
8345175
801041
39887
80268
378714
2569
3525
21994
37177
44046
40394
60226
70951
68823
1081
23407
24466
27557
64559
67562
2726043
11939
56949
3447011
29365
42238
17264
12716
584317
68060
1896876
82377
79336
86086
9003
20892
22797
3501
4933
56944
24450
34608
15717
72213
84798
46757
35041
25897
34859
406579
1734039
5889
67488
22419
189421
927001
50281
291482
15821
971646
42372
16058
83714
55744
6114
376435
13606
3609
56087
169633
56778
42721
17060
57699
53288
84871
48074
9541
62515
28697
6597
171457
11107
29071
77731
56585
4356
76170
938
42112
78581
82215
71671
14133
8810
120848
20515
6591
80384
19890
2146
75386
51683
25909
37978
11891
47828
215816
18491
44103
47707
68829
63687
12015
8818
77124
68434
37029
42814
62195
72263
33888
83420
43236
76443
32379
20297
512016
72067
250876
251712
40323
282757
1955041
69722
2652806
55488
21387
38248
5137
39105
47132
76041
3801
18535
54930
9472
173
496602
23262
76021
10241
75908
1140
81713
1527
11476
73389
52280
31952
71288
69439
2815328
25448
77786
40504
28457
32841
16230
25965
84802
81178
356533
36328
163083
36208
103725
66493
87532
2275
68105
22358
20618
72123
32911
28288
21341
16499
22168
152308
4104696
62279
67372
67536
37453
74601
21738
72051
64720
9115
80669
24217
78206
166939
43213
49636
69488
49629
425256
24300
56312
50921
13083
24736
33680
21381
135878
16264
8139
50350
4908826
81283
62875
51069
41683
26172
14834
46290
76604
83831
76795
22759
29730
70207
49443
49946
25876
70465
78379
20517
29150
48230
11792
44945
62023
29508
12928
39029
3505009
17191
14561
93450
59936
25808
42044
9651
54582
6935036
44534
37134
60656
47604
42925
87449
38072
35214
50693
5882930
60759
9793
5293
18052
60438
10405
41955
60077
51131
35263
374760
77125
9721
85870
7972
33463
31485
75567
75253
53096
263203
61821
6668
105295
64511
5038
72761
17724
53956
25226
47918
10891
39011
35277
48271
52314
27396
16615
61330
30654
23489
46682
52962
87830
18152
96287
380
8594
10740
78884
77085
35296
41939
40163
34007
646621
55686
382335
57640
13779
1310163
25888
39987
7116
32368
5971411
58452
86196
25919
884
60690
1733224
68579
21154
68622
49809
86709
2562774
1917
39851
37141
3428
51233
7713
78709
46184
7867
61690
10584
79009
1000125
38200
27675
301826
5815278
362065
75180
29258
83474
49550
30066
72959
3009956
4235
26084
5668
15335
80965
51584
4483
48121
23180
83268
45511
6544182
38511
42925
16180
24395
14565
61019
44493
51100
260254
8577
40268
50811
77402
42903
75303
13937
1709
78975
51802
51718
12817
439015
21099
34642
18099
65526
18827
25486
29936
1597
5512
18779
66588
57181
55222
1236
32629
85541
76769
75676
81036
16369
974634
78002
32927
20272
757525
1958241
11280
21606
62799
18537
26416
694271
42938
139444
71013
1053656
37488
67385
6146
2861827
83043
81156
35053
13795
65364
41869
114681
35221
74680
60588
83345
32692
39322
509779
81441
195616
29736
70206
46658
8713151
66092
76069
72139
45672
61279
63741
75562
61874
37066
56098
754608
69082
81164
2490683
1516
12871
2614737
57263
20514
71248
32860
1966733
2189865
71016
15218
28449
9835
293497
70102
53779
116814
4557
21139
18573
1306
16784
72133
60204
44086
8286719
27178
61286
1917449
38686
36603
25263
60157
40267
36794
175414
127833
35349
29352
76714
30024
506704
433631
19899
135993
822
81454
56259
36873
75420
53332
73679
6748
69038
67484
77082
378804
37671
33410
22264
38515
12777
85513
44063
1674033
2039002
61008
22451
26720
13119
22621
4387
54726
62825
64190
49910
17474
44499
58425
11458
71904
84732
77870
6019
53609
70758
51651
47027
43634
80057
32
71409
18796
73482
84943
73251
1802925
78132
93876
61615
4320
47004
250896
32501
27818
21626
56185
469471
59521
73694
46153
78432
66255
36579
3394926
58042
33011
68841
165057
20315
67814
73570
37234
83257
70942
28700
41858
71968
737
65979
72417
70879
6209
80561
1704906
3455335
81524
42200
22934
5605456
15269
34996
13703
87356
59258
36323
10565
19512
20583
20821
270007
7205
20025
7995
70
36482
61739
1706960
120261
261557
24171
33493
64112
15900
461369
23928
32927
10333
7050
38881
66763
12094
39319
41210
49226
60357
62001
15684
959
3680017
33756
64571
45726
19830
22695
23783
4262
3960
9946
55136
14645
16897
112134
27568
57649
85963
60597
41519
82517
19700
50583
28474
83375
1149212
12622
1050609
39107
3457
77307
211903
9613
61383
31207
52911
10730
206410
65644
21612
7980
50406
79281
7723
46178
3125
1710113
73756
26084
64923
69070
58315
85076
65849
7074
1045370
13468
23973
29462
20124
52806
72619
75595
2552181
885233
62665
33583
4163
77423
81992
70105
49031
40226
22683
28536
74536
47752
51502
404624
41898
19921
29038
168646
67485
45958
70796
84388
48911
29138
22557
43131
1364897
63751
80282
33976
83118
21313
30618
2600377
30203
65861
79182
31249
75667
37
69714
57401
24877
78210
56730
86809
63967
2573232
30876
60765
75615
86618
82528
56424
69154
2188890
28023
968
1371840
42824
15204
71032
75510
45488
10930
60974
82914
40719
44496
9119
45285
82736
221375
217032
66528
63307
15009
59188
65646
38450
50651
74812
73480
12168
55884
1003469
4265
43923
30532
39725
519020
6525619
79605
87363
25682
974982
2817256
31761
43214
69911
38888
4331
72674
319247
79716
75814
3640
44576
19937
63318
11932
78568
86282
1555
7314
87845
55708
8362
19735
41818
44734
15427
86914
102280
501512
942
24203
69085
3391
71774
86350
86602
13210
12907
3552
24440
22537
9744
16413
28780
433868
61126
60148
54235
52483
38071
10056
34982
25718
76509
2785557
79117
13978
44547
56872
60789
20436
28679
18542
44966
17470
3058262
53154
52345
50357
63395
21135
14648
1403083
29666
87182
80519
73125
2913452
66423
46181
135361
72174
77913
7502
87418
74751
36340
8069
56334
70729
2208
50264
3029178
1553818
73757
15484
23199
48436
85144
86900
386720
34803
66262
12130
128
130042
50023
80552
87393
83357
58016
31752
53192
86174
63113
86964
31759
48314
57167
86929
53219
72480
10849
53356
22216
11183
46674
126773
