513
32072
33370
72123
10188
282
159185
29201
6205
78177
22220
13999
46854
60288
1850969
47241
70204
87859
86933
35809
61632
43
47211
21265
27750
45069
49946
25235
29208
151779
5171
22197
29773
66872
1742711
87858
2072319
27477
5927103
37174
11464
2826134
62196
15884
50416
67744
48694
12555
18616
41434
37993
58578
2981401
23149
408235
30116
3883985
5659
38860
67598
30236
64620
7794
78988
85851
36980
12643
76451
35165
35473
83925
55837
50178
4125
2988997
66867
74577
24808
49667
51273
46252
32472
13045
37333
76851
5625
80897
851
13082
18678
75392
62205
70794
75655
19528
53364
524634
1050871
57680
17178
46292
17664
55467
32709
14701
49113
39170
68505
75881
49425
94203
82825
24750
29959
58398
64694
44097
60717
1054744
81827
28398
39729
74337
28414
59794
47069
26654
157848
6900
24980
36725
49591
153814
10945
2671
51001
35563
85886
31477
56212
17948
23357
73908
23712
833230
47324
16435
65631
80143
689686
84237
5320993
78819
76473
76220
34629
19488
12579
52475
28953
52910
80531
25226
46086
69287
85582
57515
21674
37872
63171
67892
6425
2587245
8044
72908
33794
114449
54195
45729
76872
54906
33778
4085171
1049523
33081
10349
9576
65883
53877
1660328
19207
39254
59879
34033
40383
7681
6964
38806
62354
3190
96041
70766
54069
63642
45770
44433
63814
382799
17505
54829
41819
76142
18995
53303
51645
46906
72400
47248
157666
11668
41613
13619
77744
46946
56581
435268
53604
2360
1999
85283
75380
1507856
24979
50394
39110
5498
27814
69415
83867
61299
78544
662
2244
87065
39431
14453
7691
4451
206718
63122
21182
29372
12386
44231
34643
5479
83161
65111
71375
1427940
21278
87340
441858
38503
73712
12848
59038
66177
54296
8786826
16886
86403
41597
64641
45248
44677
59101
1031392
84015
159789
69188
47805
33041
241681
12811
44471
87897
21617
23773
78032
47145
79829
68232
1694291
14610
39123
2622456
23096
37901
54851
7647
71235
124685
22802
21363
78256
40474
50275
36335
33715
65422
48025
79411
55012
76257
36135
3468985
20567
23722
2777
1273745
66084
34115
7929
28161
45673
12826
54588
38183
3728
52999
66932
11760
13091
77475
62448
25011
25425
20171
4833
71271
456651
84277
2019116
29685
60174
47962
4495
54246
32360
151172
46866
68509
34716
74186
65269
85915
29303
33392
240981
37850
54939
71735
3456
65296
4388
238347
24
394790
123206
149260
10089
73813
46659
31547
66819
8294374
20584
36358
7748
13015
69160
9921
12284
39543
9684
58987
23568
4936
35234
7772
37698
54637
113888
79053
73644
54158
16240
1040515
13863
44910
14882
74488
57705
48015
81855
22757
69816
16910
39030
15423
43009
63096
50571
263873
32195
1809425
19328
68985
39492
60921
492372
74370
85148
70598
44027
27499
14413
3949
62460
87813
13236
56849
245141
64744
30584
56973
6063253
20842
12491
31483
30584
14120
386
577
1956
56541
22042
15416
56881
1245
49103
332942
84437
72603
20499
38781
32683
74455
18
86816
50553
59817
170248
4923186
10348
34562
21920
49951
57157
41181
12129
8980
79881
21820
11400
24265
33347
62467
1360064
1233
87374
42279
352276
921752
52574
48458
67312
43130
83344
23994
31492
61195
6128
54777
56714
47102
67736
4953
69852
80526
6898802
45220
54521
68762
32928
61691
34959
8253
77636
72910
28538
58346
47695
49220
111706
22319
248846
54413
48754
74579
46114
36904
798
83943
57387
28012
64830
6173
699
1020191
61212
75742
2997652
48138
45681
30903
30512
36067
80406
86652
1828
21726
56856
34459
60140
3754
62773
28890
6521913
232260
56774
85168
4230
5493
62905
61609
10611
18276
1001494
73103
68032
42619
117538
67982
68757
20556
9769
41468
57450
2152312
70652
47890
24188
83714
71678
83241
7133
77816
1396
72497
21697
35375
24531
19292
439396
36281
33766
64810
5009768
2002208
13401
71387
67802
5580708
1339646
20657
42803
82749
17047
92321
81200
9952
59073
9912
81428
36101
8193966
4693
240178
58918
85313
57144
147384
49350
35780
43606
40871
40676
1724182
38832
58274
55656
2167
40483
18759
34003
83362
1005870
31340
14584
23998
83577
35382
89217
415050
14392
35311
458371
28256
73083
86909
57635
65281
30161
10669
4558
938843
79305
5459
126605
223800
66598
62203
58048
37920
65960
75594
31551
60052
18810
81088
63528
100025
57441
54365
4522
79514
36631
777376
10996
20104
9530
21162
281444
40467
86299
164151
52271
31751
13620
5828222
47757
57589
264971
87529
62878
11189
898
28366
477079
12171
6562
81510
77577
55416
14349
21138
85943
47539
24685
42961
2854075
186001
68153
62705
7911
63531
12899
77858
30986
36057
53710
32792
62037
32331
22195
15617
36077
75563
26408
29211
9454
69780
14575
66932
71756
8032
34659
50987
31398
11713
59455
36161
68368
86052
979
9587
5877
2495953
3259783
65385
23527
14877
2945812
42618
71282
83211
2245
59226
80587
15910
15324
21920
86870
54055
2796048
35952
51383
25288
46378
57014
49537
137818
694
42091
38440
14528
55833
11160
562859
69940
287799
55804
68592
40997
63870
72741
59541
271522
74281
62734
4261
68957
44951
866
57337
84928
57260
150471
411766
70171
48232
71201
79733
115244
61512
37952
46396
5092
65055
2059
16245
51212
20035
20834
81048
2766247
63458
12631
10416
87439
39613
55680
76000
86189
52678
1015551
53911
70513
18274
374142
1963
62555
9722
84844
53504
12617
50958
10804
11401
31428
816
13595
36715
57911
1500
50602
41740
46752
18791
80016
67764
18316
65262
82464
38786
15125
86755
24353
35954
2609548
49963
535810
79625
28237
87691
8899
8188
28688
70841
72909
6507
14903
68454
30642
3288
30764
76415
78421
26640
49224
2659971
66209
80913
23767
2203
64319
23856
233847
64709
20361
5086
69446
45518
15151
15485
75585
57640
1022298
90796
9579
4056574
32284
7765
58444
77725
50984
43694
54461
27590
448541
48179
17596
122061
3019234
76992
8736
53389
6237
1276
62329
62147
83526
18650
157364
529006
18436
49389
58014
88605
61831
59802
435655
82683
39120
31530
36877
18230
82654
29477
13738
3191904
69967
35609
37984
64680
35924
23384
47992
17791
39290
20381
53421
30957
1609
1159501
68607
40947
51749
74787
16438
27581
86956
37817
275111
4902
30355
3678331
56919
22676
144125
3400351
30209
3082
39106
20308
23090
43875
66365
51684
19974
47096
77653
41541
58618
13074
18638
16438
457281
15991
13354
3533
23835
42441
85509
86229
15396
18317
35518
18125
955
78233
13936
240685
37446
36959
16544
186856
573474
