23526
1826016
2704
37619
7928
2390
49195
22160
55002
26294
41783
72530
29907
60498
94662
69483
32572
40725
67796
59249
82004
8028
48563
71126
37313
24265
79514
14392
28573
27905
75245
67584
29083
62898
31162
50714
14065
76282
926423
9402
8448
32294
45305
79357
81560
9460
84671
52597
85159
5339421
1177468
19513
56497
39840
80923
1523845
8213969
85388
55957
81493
6988
80096
35957
10899
87010
18756
45999
2644
57310
50650
56333
2917452
36655
47627
79943
14813
110474
74961
97187
75872
60001
74802
64458
54925
80603
70951
69083
59917
66795
169756
997971
75974
22000
82052
18131
36486
14957
73208
87722
63874
80387
22337
638
5296834
47857
3893
52917
31067
37840
174651
23386
43213
43218
19320
6313
140587
51178
30025
79678
1869
52418
36829
10380
5337969
3244841
42775
3622850
84822
34113
65866
28328
68227
3477693
10736
33483
76709
40110
13315
229778
78609
18692
27769
85134
11011
2153195
11406
8274925
60882
60866
20400
4907
58208
205584
32423
33887
21586
81536
19368
67401
3601
25229
84892
21665
56620
124622
999879
5726
35606
58800
209215
17878
36376
57158
3842
28059
50950
59010
390544
59608
16578
75983
26369
68255
69313
29712
229490
16608
21162
44267
30967
73311
14913
47033
132882
25643
80748
176760
71110
2416
58269
30455
86352
6362
46232
4897
16834
67876
80930
27012
24710
71657
4896468
28902
50467
21635
2930875
86730
44752
86253
17790
6927
68829
8158
59602
20649
57871
386700
3361288
176196
75713
70160
3247851
37359
53782
48241
34651
44566
3999
207202
76795
34532
60680
13117
82555
47237
23102
43313
409610
60458
76524
458724
33177
8375
23154
59670
100119
84165
28304
30374
16146
52288
84598
3240
49072
44676
265008
47370
23286
19651
6512
18129
52544
224308
15713
68812
82736
34177
84286
81741
401449
45103
18211
8868
1750083
24695
60919
63785
34526
8417
34847
73464
35454
48440
80195
22336
8254144
161716
17632
26732
75201
58753
527968
48426
40168
38020
516329
37464
8793474
73212
92663
82957
83685
1812927
61191
82895
77394
121757
164058
51936
82921
45220
992
3130
15571
80564
30289
979
48039
10870
58265
82976
24023
415730
85574
32303
45017
28578
1053074
86024
63211
41874
79519
999381
48347
25106
5275
2996625
56577
65682
9751
56503
35582
58946
326758
52157
79403
16
72760
52138
9681
75981
26718
86092
4301
72249
42567
6784
403844
12043
300787
24012
38163
19239
78585
40392
349033
4563
3171372
35637
81690
30192
45461
5865
40557
47155
73692
62915
6188
103940
44373
46736
27952
43025
63054
11062
39376
79971
62479
32520
42441
52621
24239
30621
12325
35378
29878
18152
31592
7055
47206
55072
260057
1321
15614
28376
746
46532
64208
18865
1870950
57809
34457
87242
77557
1303
75653
79341
30264
14455
106483
68458
60798
65139
14377
53861
48242
9490
12796
20149
41243
175438
21430
47686
977954
119639
37713
391415
252862
39037
7474
48174
12342
34383
53008
73747
82410
12558
34517
78291
31717
1969535
15531
37920
26986
52376
31870
46666
67243
87629
27356
21765
498347
62458
62164
85693
79822
3906056
34342
32023
1004108
10119
82318
43835
22939
51404
2823755
6110
41285
24254
53504
75732
29627
2569458
73897
27525
31054
444570
2575
19600
69313
338421
14517
474567
86258
64224
34981
67607
72747
57711
13665
64621
4067509
12294
72114
9810
85796
35065
36641
62247
21183
1405261
30223
11214
44475
38762
38599
10101
84296
26834
73808
71600
30170
49071
15867
26905
45094
3938
27590
259311
73781
19995
31823
15288
51305
66954
5391
51884
2638861
129056
57682
38292
29275
29090
416235
2457
927783
57552
5994
12642
1679486
75175
78878
61673
210
5528
102144
47616
20309
35955
1691
55631
242515
34248
10217
56168
23816
31944
3691
52571
316740
45810
15623
76568
8753492
57462
40872
4223
82382
38050
82764
10988
72003
139705
74502
78384
2295
482285
26972
3448281
67275
6248
48120
73404
6026
57894
39040
55880
1017845
38071
9488
33953
1640
114373
37800
62514
30293
27747
6573838
73854
36351
267533
65719
24722
63761
3195
10601
26546
60755
33196
18447
53005
58054
182676
2624545
11762
55109
80678
38096
71274
11348
5661
223336
38939
81182
44387
22646
3326205
11991
11206
78739
23238
1642
36522
54253
20892
69284
492105
38423
6062938
67394
65228
44898
82201
40472
20648
194313
80670
41181
33157
82618
13800
71641
85629
2577
27889
29525
72222
81342
29473
1034659
67093
42522
7961
49487
21203
21027
71846
1308
77395
66046
75460
44076
19577
48329
2462
31297
12655
68315
28727
85523
20342
32919
19814
40085
61425
18853
75571
14663
3066249
13161
25665
76160
136401
21705
55278
11560
58541
67472
6715
169813
56249
6068632
833
67018
77943
67902
76829
57014
80170
41283
30432
82287
14722
86004
17261
18768
87495
3497
68405
1504
46215
67530
287550
7061
25625
45545
15531
23790
13110
13974
4913122
10133
38952
60126
39256
19795
74064
5336
70790
24490
10881
16283
23871
71727
2175
25481
49731
81099
27138
47727
1164
25430
79823
1720721
29387
962510
34928
48085
503069
63401
59016
40776
17600
67807
11333
11864
69698
43906
8770
63950
78796
7625
1303651
14171
66069
14818
50827
24438
439881
47236
99
24257
43305
63648
3002149
51571
8713466
2938
28750
11849
10911
30477
32012
75453
4056988
18854
114686
80148
103411
690834
303080
8560
42204
79483
60169
10594
33608
15829
2560854
566767
15255
4878
92229
56848
78110
10558
62331
8115
28769
59289
36636
76760
886820
54008
21501
44246
38650
336858
36948
57099
50562
65176
81128
30835
62199
6703
49701
35131
53734
937532
82669
2029751
27639
71516
73639
32282
17764
47286
40389
85445
74192
36569
69668
3497
115754
579637
54173
67657
20711
24662
75775
38556
36119
81277
35751
77384
26713
43243
70519
36697
55298
30447
16569
33523
7925
24183
38631
69950
58856
46714
81357
33
6530
9483
67504
114913
25930
39898
52412
71965
21435
44169
129292
125714
19295
74039
47903
29116
2464309
49005
72904
20997
79986
52287
56076
406817
55500
16881
1428
151208
21921
55818
63738
63894
68613
90
79014
47403
54050
110525
36479
58912
75609
27740
63217
172197
32033
29121
81715
1583110
13557
52476
2607538
21506
42137
82386
49464
50579
110491
75160
7015
79474
46317
31360
72505
22869
42598
76279
458483
20157
44958
18197
71988
2866124
48077
4124
2950230
67354
66886
43731
76220
1678
64205
20495
918796
28662
27825
23607
39594
70805
47252
84637
363
45906
78111
45007
4444
28222
35132
62231
17913
65748
109919
579739
544378
385805
65886
248729
78103
83541
8203558
63503
72188
54500
60288
5157
52878
28812
25728
22868
5354
203741
68040
50450
87973
25786
84494
34431
82823
84427
15299
13931
371752
45511
71815
63944
154462
74288
68923
6961
247481
43401
23774
4354
7807
173074
72097
41248
21124
54248
31960
47027
55900
79586
60006
81254
66687
79738
72038
57305
495014
29945
42101
33908
79382
70039
42065
21390
10428
67093
60092
31790
13355
45883
54690
81426
77660
14458
31702
17700
73291
73747
67750
1948381
77521
1020863
27848
72104
59754
71294
57267
50622
71447
74178
11390
458477
57314
795154
20663
2879
32929
48832
84778
43467
20729
35517
34091
36491
75396
83437
66492
85410
5779
82943
12823
231933
81855
30590
27611
86407
81536
2739
21834
33347
63414
12453
18035
60897
30297
433269
28179
26978
35562
19425
26508
541
50432
23129
34849
5035
64143
272
76747
37201
8232048
47945
58029
19795
981963
78077
43688
38436
1333159
26619
46964
50543
2341
18104
62531
1787
22896
43140
22744
2952397
5749
56961
42642
2574110
59035
2060448
33486
52510
49117
129048
2759440
59739
3054154
77044
6229
59930
15739
61499
65470
66628
12642
67637
12884
157699
36410
86048
50281
74143
3144
753
37574
50340
3951701
119170
68682
21145
18891
32208
70650
8918
63555
5690
56346
5497
83314
4906996
8973
16442
81259
31588
2747173
2729629
64189
67189
6050
69642
31965
33832
6161
59329
29545
29240
69714
69358
10914
87673
62329
4051210
20003
307469
46021
338317
17671
16143
81579
72050
69215
26941
82379
8792
615246
38576
5907
1087
74553
46768
78210
51755
68211
20440
29961
84185
3493156
5258
83167
40138
13706
35600
20313
70088
90549
120284
53717
51424
6903749
40977
83652
41970
2165264
1428637
49553
79428
32769
21652
32894
42592
85645
43225
30203
77116
169231
10043
87169
60995
8118
22810
10757
73176
76752
437995
84620
14918
545895
45306
18612
52341
402274
42136
10010
74154
5676
23681
44602
28722
16744
85573
359027
482635
49945
50223
48688
148592
71465
9161
87477
48708
81414
87059
75352
20649
25945
50708
61988
64312
66502
82122
33362
78278
42568
30693
80529
44601
59714
213161
55768
85901
18395
11412
81110
71215
34174
82739
52829
81259
418513
41944
76274
40315
515163
68536
72976
153071
15227
26638
48278
224580
45179
45348
105437
68736
59927
9613
83079
212886
111523
5978
49527
68027
69077
73065
231833
23341
201110
33183
21702
29067
10715
20467
42897
17018
47893
22404
17334
26552
50923
33336
66369
62708
83013
10996
35913
83493
26585
2604209
25524
75203
10166
8198
50210
44651
1810905
79769
595383
1115
13589
6327
77497
39257
3188
53898
66399
77293
45524
22855
32846
79102
54506
11285
1670415
17233
49247
6627
16723
13865
70901
35841
18517
21420
65043
75262
22299
65624
18820
50853
32153
82693
6117
80763
15078
22309
84677
46512
6501
19493
417624
9517
13301
20990
65132
14487
32297
35636
6676
57230
34414
58616
59224
22906
73545
83492
29530
8041
28930
72483
65655
82719
45664
19031
47051
61195
8972
40781
23260
15345
31063
67501
81565
443003
83053
87557
76211
4021
22727
84360
72368
1664
10722
50043
57012
51014
69634
26102
45957
25763
52780
57804
43183
79089
16920
2731606
49578
61880
18824
58802
27853
45241
70739
50719
2888413
17548
41413
34476
9524
69264
87399
23501
2648704
61389
51066
1010574
49350
28115
34240
69052
64786
18498
12468
29254
47171
13889
57642
4410
59582
5197
939
31689
49056
27513
13750
61602
53851
114336
83379
121893
77121
57593
42668
76509
30954
72419
48305
53324
23415
18528
9368
17857
29509
69117
9932
76972
10419
60208
431837
86418
205893
12857
1421505
20977
47452
224606
33142
32175
6520405
71899
70752
22662
33382
44893
16324
33259
10618
1707
24226
21152
2950580
56780
73913
24376
21298
25303
58093
65516
33286
73517
18897
11
87883
61111
34626
55486
82483
55398
27439
76688
83287
49621
46380
18527
40633
71378
35571
17217
294
1673242
82385
36829
43217
69239
8738033
22152
10266
15076
87245
3422
82885
86723
84840
2730956
36551
38122
23945
75780
28098
276978
21997
2853
32149
69836
56724
2909018
80339
17316
74882
1160576
19066
3647
80669
72221
60863
80864
12030
28417
25532
986042
87536
67842
969801
81273
72252
49135
87542
77915
253636
29190
2003629
56824
12189
988251
32960
23693
65917
63866
25608
70834
79706
162577
80623
5936843
571900
6953
78311
20192
28284
61619
57178
68435
82660
63667
1262994
73498
2818569
22090
75883
1040158
55639
473
9392
45017
59011
1195
30573
54155
2017445
9143
84525
60779
86904
29211
51143
65099
18588
31786
69056
3907772
49785
26356
39019
11271
66714
51555
48264
81251
9624
26925
45119
911133
4018
6901
980986
58763
6050026
46283
8723
39526
55575
1145
4856267
82587
39237
44931
71786
79454
60187
32994
68651
53691
71067
11420
66847
13413
60964
21011
31987
26428
62173
20666
74716
75526
2729946
22436
23068
56245
66870
25087
87805
34848
47306
36243
51543
26618
82933
39802
3588
39410
58953
8354839
26074
9448
166142
76202
2941418
69935
198626
37415
67911
39710
18125
21901
36493
18146
44872
19177
76259
67499
36325
76290
18915
83166
46819
1315
71200
82099
87180
68343
68999
8349830
68245
6878
76780
125077
71099
143668
68364
8095
7177
51374
81261
31884
4416
470178
81278
40094
34780
77448
55167
8479
174881
24911
12870
33523
6583
2687427
77904
73771
43801
39186
38706
37698
43531
48652
6063
57580
69279
70495
2557
171501
87023
77659
45970
180990
22934
32017
34601
76348
81869
424438
2010
64798
125622
82581
23774
15733
25971
3604
81973
12970
85104
5334
57079
68961
353759
23933
35033
45445
27037
25529
71886
84848
1761
20386
10030
61483
7979
51946
49764
10166
54073
81338
2090306
14856
27481
1666189
2365
53215
58962
99724
20491
3058135
75330
105605
82814
64156
74167
20636
46033
26280
5900
18522
56342
3660742
80645
64767
16225
19021
228
1046236
4065330
83077
58887
25317
19171
34279
60639
63273
2906919
68058
45505
84113
2628
48037
43943
426250
45207
36684
50501
64099
30094
63932
42221
45704
48610
65830
43968
48785
53487
24236
247282
83241
27113
78237
13267
52354
49957
13363
39595
150549
65390
31561
12791
21715
34684
83864
59342
44801
9229
46759
1220
78465
49050
40735
46009
57523
147994
17468
382677
45
50846
58254
72397
41433
39904
40936
62143
57317
26062
43538
1039283
28773
71267
3914
2883364
84762
84761
55477
76579
28016
8567
20029
2119
41319
37271
54680
50611
49930
63445
66961
75700
2219
35724
71432
62699
84858
18725
62972
3367425
45168
76833
36184
4630
2046680
115
1040845
61318
30604
12373
47988
59507
15430
36439
57357
4422
5397
75816
31620
45885
86661
3944852
2623
18526
86071
18246
41663
65106
68834
40816
38800
187820
28377
80541
14729
24679
4115101
2905624
58632
160185
557486
87702
44139
68131
11787
51118
67582
87764
433291
29107
78819
77677
31869
44290
17008
12086
34760
62837
14447
22251
70691
17877
1412157
10930
17710
39534
10454
72610
1246
58137
68319
74399
84553
33568
213685
40252
70051
162795
3311516
33888
62292
46636
72740
4123358
79001
76209
888121
59217
18239
60531
19820
48294
50663
86524
80620
18518
27205
19480
83696
1396740
52762
83656
58961
40818
26835
21732
4034
75849
29437
3262621
67552
74411
83453
51752
84579
51290
509884
26236
66326
46697
24819
48433
9964
9534
41986
77092
21109
19493
5328
17144
41970
91883
370602
8896
45582
66442
35054
1053226
17316
2766931
73758
46773
135941
22845
1417627
79798
55047
22299
3249606
82588
42495
55559
174971
25962
4977437
29715
77852
130
47065
6210
26183
87741
46946
17095
46101
102130
47325
39745
38190
11831
64811
57779
30022
77068
60916
74927
20477
36644
68331
99435
3872652
67641
12062
182998
157423
68617
44394
19495
9672
82992
33632
48736
2960268
61750
56985
32302
62048
49930
47214
1018660
3923
60008
61540
6553
55853
76561
43238
24634
312839
75428
43434
162291
63258
7294
45550
273641
57635
71106
40267
825
70873
20749
45674
86627
63488
171
41532
2752413
65661
53142
41369
44930
9631
33154
59287
26714
21376
2034
86399
74602
50129
55699
48522
58634
42409
21806
39355
81411
1823431
18387
56452
24245
41312
199719
28405
85176
29427
98697
42308
72742
62254
9678
26012
15859
55871
2773
14719
71120
55740
14485
5488
16183
4097
73092
1043894
2159482
70988
342504
32149
51678
56468
120009
25083
53432
60325
3400314
54590
53367
2250
50128
57968
116975
4150
33110
79410
1498
73760
33689
32482
59117
6813
11886
1335451
67385
68350
76313
6869
1861
68304
250008
317333
311648
64528
497
255888
86231
85707
61721
4177
37446
4838
43647
71845
86347
80245
25404
1025750
86331
5827380
81912
49977
56360
46070
38677
73647
76200
65191
56153
1217
9496
48038
71671
73241
16187
20598
33656
61015
72208
2860659
31968
52259
22837
32673
2646559
69768
18781
36397
163169
79678
76460
61349
73004
36527
59630
83131
27715
72827
82572
26676
7647
61791
1535891
72922
39046
59648
85671
38059
45069
16175
14333
6301
54338
35937
63779
9677
27592
6705
35089
49447
78594
34065
81548
28112
74535
20471
75602
67212
5563
21710
33632
399383
24273
1716
26718
8412
80976
68522
86493
70597
172862
10070
36161
17346
59215
62796
41106
72711
75615
1022075
66369
60434
72187
74126
9353
14402
26261
68243
17300
40800
50993
61817
45861
47435
11594
54435
3704
23472
26271
35369
45952
32802
3324
53785
33725
6941833
170946
55932
62577
57549
14636
1194931
78616
26622
85370
83986
70724
4274
8843
20809
42384
5888
49237
69131
81306
84117
28089
20895
86933
86123
11171
1246
44713
38139
172781
13735
72567
8638
4279
22108
48284
373200
72573
1631025
29060
65439
9403
86436
425577
64848
70613
31360
54436
68533
80710
237206
66309
23229
33031
48068
62387
54745
19335
1836
78426
350143
4682
61425
9494
86427
5075
2837
27040
684842
41043
70022
42422
24811
73549
8718
77592
71230
54131
203803
49669
133734
60111
8361
22199
56331
81367
53171
55570
66617
83811
23163
83520
25398
5476
45678
57274
54090
80690
4025
39300
14791
81435
27535
59206
41763
2792689
18620
55245
54546
35918
400
4131893
517532
1870592
24837
55177
65105
66173
74831
21171
57757
76829
76365
12901
65862
49483
32771
17316
4075
55528
781869
31363
42135
23467
1047094
9323
68496
4877
77420
522233
15488
61544
47479
50560
43150
3199
58754
45471
149816
80933
58890
34349
65257
39596
1035613
83611
43612
57960
114589
50235
82917
46018
18678
60436
65435
80506
99983
77316
58418
16771
629278
49404
64646
31705
62330
2724
18312
171532
27667
2245
20071
46414
42863
49580
29008
27439
57369
7353
77592
60676
23151
12163
2017832
35338
52395
4996
5312687
51096
13631
32372
30432
7375
61073
76507
76244
8360
2942
58517
24039
53845
12625
2170
34213
68026
2577253
394820
1009828
73815
51705
52906
318253
29782
63533
39792
69151
353471
65420
59430
3062860
33725
87336
77183
1852338
28168
45580
61887
39918
1560926
82522
77596
17307
64911
2557686
11546
29533
38812
6943
4214
1052469
65605
10523
10751
42426
40771
79901
14591
434836
56685
807
14033
40838
1708360
39558
69212
514
524616
68195
96398
40351
54772
9418
76255
73014
151312
37856
18385
56931
75308
51564
52780
362008
4998
65192
19400
83559
45384
2204
36690
78497
83300
64524
5135
31311
247157
4956555
33251
78828
7683
12503
78740
22604
67045
78127
3431763
80186
48018
71346
58889
254022
3786
55974
19975
42016
8962
68134
71920
31452
50593
70622
81878
6856
73868
36330
2587
47156
2896657
59741
75934
43893
3680314
26162
61469
38464
105860
63414
28422
42846
20966
102577
79206
70330
15526
9856
86615
70560
1424
1759716
11377
14071
2878
82627
17800
39842
200179
35594
28975
40962
56256
515473
66613
641
31564
20712
33630
16111
52929
85659
76936
85810
10848
15668
3111
65710
19963
82560
81159
73638
54325
12629
75212
86421
65828
68501
2179947
56949
14963
85222
26937
68091
27075
67421
72718
366474
37205
1080
29436
53083
9329
976316
84295
76668
13134
75254
52935
48316
3315911
18525
6602
26741
71050
85209
61786
17619
27153
44921
22954
84935
35355
34552
58538
1027981
85582
27818
57656
63569
32641
69323
23987
451079
57397
34011
86402
133822
21002
14722
75733
265213
23767
57238
599473
5834150
61633
33238
983765
60950
3406
78981
20483
5938639
48317
41630
46808
68648
61920
24355
164624
81264
56420
15493
70652
61489
8345243
28573
29438
33542
36084
63551
51761
49425
17271
21107
25371
64092
2373
78687
56205
1403841
74402
11829
355722
1188
197969
2509
39912
44960
1358
44509
35281
83443
13328
3066706
3606
22422
15931
21948
87989
8531
33903
82375
30339
13911
83111
53234
56115
13035
1361119
270782
72865
42296
220771
14541
10395
47838
42607
30548
43689
83076
1041518
32086
2508
7086
39380
47986
87420
4301
16680
85830
23130
8293
53842
87614
56388
67443
47284
57502
41419
48046
73969
17682
84226
9094
12054
33327
80019
36753
3474746
4999
86676
826742
46109
29965
59915
9429
71729
51922
111032
30141
56905
39762
63944
80047
34934
77408
156523
23544
29449
65752
5586796
161527
6890
86180
25937
35456
41799
10734
14880
25466
59064
85151
64385
66911
79541
48812
61100
26057
65071
38724
26732
30670
5910
66149
12724
469924
10355
87048
36106
47594
57409
72512
30495
5563096
46967
54050
82346
2509
35972
8115
7950
26993
83161
86698
48760
52876
50934
86396
51535
22694
16280
11898
84342
21555
18076
10582
13505
68715
18976
79631
9683
100774
2286
6053
60010
47821
67764
61297
61030
19279
8545
24082
61806
10339
35064
523049
60578
8270791
37250
42193
77195
49347
70778
17320
50286
48920
27673
10795
33522
87226
54018
24843
11799
10890
53577
9295
41917
24197
28312
174666
56180
82754
43575
26385
61776
88
905
60467
50491
47992
2713709
23214
73450
43047
42051
30168
492934
98052
57150
2979861
6121
80062
7750
28399
11208
21800
5604
64749
58085
70280
17412
31077
11553
75918
1976139
66383
2586592
56349
398558
99679
33942
8498
77952
68780
33757
28003
40718
68894
7664
27434
33936
297044
33035
5811042
49788
17982
4945420
54923
56235
76460
372093
30050
14794
49086
19649
241061
22944
15319
3385918
16403
9775
18188
39074
24394
22275
51299
20944
46315
48
1238
1521
419584
43728
70254
45469
48437
63372
166961
44034
78007
74559
20335
26373
29836
77973
55033
44522
49371
71807
35651
66469
10148
41058
6835
63841
997
23383
12431
83582
25878
55885
16679
254562
2175
64922
55362
68356
80676
119157
15207
64221
14711
31132
52426
18280
1694498
6264
84530
94276
33270
139044
57511
48814
74320
27747
41323
28611
18209
12240
24537
22459
2598937
44927
22255
2110
39846
24689
48971
69895
12280
221429
10093
79469
38557
43775
50985
32355
32828
15386
50030
85513
53832
38701
115343
44843
16784
15435
5195
54351
4221
63602
159724
33036
4773
38519
25339
10605
46958
82602
83615
13678
5158
2042469
60421
56952
84323
2610
23401
3239
50408
6963
64540
71823
71608
10104
43884
58213
46222
2700
44504
190864
546820
69981
18774
42390
36221
53917
22556
66328
62113
33106
118307
59625
74156
6359
56156
41952
24941
32779
53138
171385
60968
162921
4322
3776
65939
29251
86168
1758879
150650
1736428
19162
47242
159736
63731
48674
254
753161
57204
65925
876226
49193
35280
20941
35360
36657
2582576
22630
22928
58521
66017
50119
82975
171171
16249
34675
78865
482146
271754
24789
59476
5610
32844
17861
20067
39272
193746
18732
716584
30463
22662
87757
46401
10693
38027
58056
20242
202059
63097
52416
52906
5307498
74495
33135
51022
127942
2856875
30814
87861
87697
71510
30128
79139
70178
35751
21913
28272
95127
903375
403993
77351
51
207662
151973
122905
67931
86334
241561
11655
9229
75501
61648
9257
33089
3954687
31690
6672
25159
59808
11861
52186
14747
13418
18914
57027
31380
6929817
46873
63272
6538200
418080
62928
42062
77323
25229
43336
51890
62904
55606
15677
426150
30049
59856
34905
54562
83589
113034
86246
39572
29462
47946
53370
46655
29742
20219
45999
7372
23189
25286
36628
82852
43939
60255
34616
22338
33150
79029
21191
84699
43053
38268
37982
32099
9874
72478
76738
45123
1598039
9987
8604
64216
13145
61222
56665
62508
34237
123241
32799
19443
51183
15821
47438
41412
71013
65100
48451
6325
9256
115624
22227
28755
71181
50605
4932325
66885
32535
9060
2954
21645
19544
61613
56944
2711253
11268
60995
41925
45815
20866
477017
715492
17164
11852
32395
43927
25246
11540
15446
7878
65813
48719
314495
72983
20010
48812
58938
52215
5995181
79522
24133
80536
273368
81894
47071
35283
87416
65856
26206
13495
21735
76775
43023
31577
5642
42846
49415
7359
3454
485908
80476
79693
52684
38835
613
45316
70568
86851
3905
74715
33645
19298
134685
59505
19701
84737
43828
59645
70477
63635
242
15462
8234
12872
978181
274957
45340
62062
52191
33209
4894635
46941
43744
7519
103002
83966
84226
72759
66822
85509
55274
38868
71865
63661
58769
40245
81303
7243
968
25954
83968
35673
48159
72657
13717
80153
12840
17912
1985027
15417
75680
28498
57174
7885
986899
64971
19204
73045
7289
9232
74667
32586
37569
319209
42954
56744
10577
50658
7084
72001
3608
38837
33316
82720
24979
70505
24385
19612
87532
7217
73243
85017
8814
44219
30933
42902
83519
15712
69515
128232
46376
65957
42273
70405
14996
30289
14848
70601
13829
81387
450199
15080
511309
18485
36735
46826
39275
56329
2672
83921
86598
57930
67333
46007
1382847
66194
3037759
47968
40970
56346
68401
1520
33882
77165
5582952
1715756
32285
77623
67856
59030
3321
36443
33997
33785
22432
2593
19719
61279
38060
8872
23049
34994
8290
22913
194620
30255
49764
2616272
1004692
54042
164650
46234
458
4543
69889
33193
1231
9603
77895
71046
20031
22424
18906
86494
33473
12674
12986
7904
58702
91633
13910
41171
59408
67339
46704
61076
22778
70209
31553
65727
4185
1091
7221
74950
1840
8246
45839
33741
25512
143621
59781
12793
84302
11549
50432
5912748
86337
1083
16491
1002939
58699
12612
84218
71357
51025
14067
44380
55969
45399
585527
32006
6742
30422
8257106
66993
70450
2038423
6599
18755
45622
70592
51608
15842
51048
32409
127150
64106
78041
82584
1780160
4028
30537
10315
32203
163162
81478
75777
52737
68675
6286
38846
79317
36445
48015
2691942
4952
20065
21710
5660
46780
15533
86610
31029
1390
4969
861646
60889
67340
334370
1365155
83520
411007
5962419
81205
78047
48364
43897
11659
1470
1901188
36696
84695
73029
56600
60670
54814
1692
43854
34197
77105
23523
8349
23567
87679
42189
45030
54
29724
3067950
3841
573246
205173
20120
58372
5252
3167
26352
34364
40261
104468
55919
18488
29851
63041
80128
74781
26377
52242
58959
57784
47550
7267
55282
20053
6779
19285
20273
32395
72456
83695
3228767
1475116
82535
73328
53475
53724
41456
48149
28217
70624
81979
2470601
63767
226
23218
85598
39165
73005
70630
35652
44351
40724
76255
53174
17876
77409
20658
67966
48763
65046
24021
6740
46010
231848
85471
292357
30268
1527114
1242748
45224
1147
41679
4339
34623
84592
2986
77367
12488
122562
77415
7085
29077
34045
14065
12346
78734
74205
197366
63613
8756691
83084
36251
46614
26238
59041
49324
12438
24328
5825792
43834
67193
6386
50494
2098
11013
50697
659190
76607
80446
45302
27082
72581
4451
55046
14333
44341
49428
29922
44333
12578
77651
69707
8741
74011
77096
79114
117886
30774
215477
57199
47881
43447
68436
78909
819585
17896
75573
78097
38744
3936
23150
87678
3348
70855
33782
28005
79337
6302
34418
8327879
8706
72020
57572
87214
34501
43209
6556092
45137
70450
28431
158822
208204
32255
56828
70261
9112
4744
77718
28063
15532
46306
199771
1197
3045296
79759
4162
41181
78823
45049
15624
13641
60185
8249
202452
7570
15811
32685
3318
49487
40092
3386
42243
19217
1533787
79333
79278
997035
23479
7717
150324
11227
60265
22095
23450
13146
42866
46666
262768
215527
56149
74178
81777
203086
60516
4946158
71887
2605
14787
56454
58794
73312
17772
83574
69614
83619
79398
47573
71351
170730
1252938
71373
477210
1722532
62459
70453
40912
41020
15468
9420
33504
28232
65600
39234
27969
90328
35035
35753
56490
22515
2618
9453
214855
82661
35221
6684
71376
66258
67027
614494
21318
58744
87121
24831
538347
87088
20591
82068
86929
99454
61423
68723
24554
39504
75847
78202
41386
64382
166291
37344
36426
47977
45847
70611
56088
23397
8336
19570
19724
61153
7066
79760
76570
8706
66835
71192
31738
87654
34976
28329
1031592
1699
24377
64391
47522
69710
20367
484875
6757
10299
14558
1763
254711
3288184
86891
31108
45403
23224
52265
11843
41763
25517
16580
3761
26725
50857
41247
43079
48892
2474
31764
75917
63459
8992
66701
20999
840036
67435
80207
387594
7338
20899
245515
69757
54647
66205
3475182
39764
81771
28598
37748
60785
17750
17231
73976
35875
13600
17707
27000
51915
460226
13267
553318
47851
65231
54307
2885277
1900903
2947691
74360
38392
2881559
2790
69011
22780
59477
85329
79782
50517
24960
53173
68812
49343
71859
45622
44674
7038
876
594683
60577
123318
14204
30902
22988
7814
3541
2731531
33339
11182
57793
2164
22849
5072
20696
2759175
77871
46361
496
6520440
83968
22633
29893
49418
4109920
1326928
80524
69132
167779
44435
16586
82112
60660
52728
69485
12979
8421
87512
1017981
67356
26013
29937
54866
87459
7557
44479
22238
59111
19529
59467
31830
78203
65928
45461
4054220
10235
55289
77039
103224
42957
67964
21040
195
39504
89290
57398
46689
23426
8816
5360
31590
39926
25146
53852
46814
20133
2488428
63272
55985
65546
35864
58534
4347
4080673
54713
83798
117715
32056
44611
5918840
84991
989844
3681957
433856
26853
43426
77994
51824
71928
58412
119962
60034
38939
82707
57038
50717
81256
48477
81551
41118
450599
70431
58792
17885
73966
7276
14216
78915
35679
74234
2199898
5952
52328
20509
39109
56785
50334
36753
59159
27997
62499
1049930
76531
32999
82659
109632
32471
19790
2535
33575
1626013
67008
3195
34188
31194
12246
79628
19475
58981
79330
37271
2534511
2472215
347275
23292
49827
198774
63898
20776
84863
81569
42598
73189
73079
23633
38757
18886
67176
39740
51248
67551
5162
82192
68610
239330
60432
85147
68896
73742
78195
34755
58676
103170
40831
82477
77226
40446
47651
39961
77083
54377
11209
86771
6924390
28248
51564
3963
30129
6047356
19841
79234
26042
2043
56818
87183
7728
79651
32480
87876
2687
41602
14724
30274
24277
78484
87104
43943
73402
69229
20202
206907
419689
19743
78855
18021
68446
53997
73903
25628
184490
84034
37270
27967
82100
58771
55591
66810
122142
52114
29982
41588
17483
1649
19555
44599
28379
71389
21499
36915
84427
5999
5381
63569
36278
83667
17760
57591
36957
66923
463890
57090
44087
59627
17714
18770
45698
86657
10705
47214
5894797
371580
15207
71604
35366
65262
6556
54925
55739
87570
67264
62072
55083
83009
19886
63515
68981
15588
6582092
18185
163835
45378
38840
6327
9140
16089
70256
63739
44396
8443
3201775
82368
60301
82598
465189
371489
37082
47337
48194
77425
23966
15779
252843
39371
19871
66753
16535
41794
72379
78508
18943
77056
76126
4115315
310437
86476
30991
6881645
543185
45076
86749
60786
48458
44678
250510
51848
18745
84836
85442
69251
1031
28525
2194
12982
85029
27519
18480
81096
69507
32941
753183
174359
51430
19142
74272
18036
1734746
86189
1312
49344
74924
66031
72221
14699
26927
3616
36425
19468
25622
3916
42220
62107
3718
78278
13309
52649
301857
81133
48161
15400
73949
83022
72015
44491
6684
81252
74018
86172
999297
1025520
64933
24676
141
25491
2284
22434
62409
11630
21767
80866
45156
10509
8670
20040
2578804
77679
52606
580035
86977
78463
66204
395203
51600
58605
13086
58914
85951
85245
47402
5575
61420
19765
134
109751
70275
75807
10513
77224
42
43725
53322
59203
42253
57187
59801
76831
482365
14678
17117
67945
42931
78642
70628
52065
1711719
1981
6576
23382
39182
24307
88442
10074
67217
2632267
61267
43709
51591
68631
62616
119589
10984
69904
86386
45434
33575
44425
47433
77643
9756
57555
61746
57974
59185
41514
67954
32016
33461
26911
77958
48957
5570345
49396
33518
439702
27938
19982
61473
34553
9800
20149
54096
12270
25467
49001
21713
66741
30193
78198
11583
23203
80419
35629
25367
156442
51325
60331
73788
15969
2207
7716
526332
50242
81430
81639
53537
46201
82885
3063197
3009875
546708
61770
52251
15122
12631
1028975
51394
19875
9844
40723
353433
92078
79806
42895
80881
111372
71049
79505
75853
38843
29675
7775
22784
61927
39386
38704
24903
58238
47142
79823
35195
45977
86365
31038
49245
29329
78498
32278
11316
74907
64364
1482576
58554
52820
36754
982290
83247
75048
66629
75067
41562
51297
41191
630
14831
35073
68205
994288
13309
26675
26736
24026
5013667
3228
45257
19670
39587
21073
12764
150273
47547
56508
10613
68272
34188
2046
2999
29686
3264813
30671
85983
49776
6578
35370
52385
20171
30567
65750
48044
65140
14600
28238
41272
492448
1034814
56416
69460
34183
3194
35681
34990
119259
11620
24071
18086
38777
36682
147532
85492
48098
58431
48288
85302
1168953
32105
71103
32810
51463
44090
29430
125930
51449
14856
59851
88272
46509
35352
49054
44232
22156
70726
18767
67192
36731
25969
43743
33709
45393
23081
15804
78693
21803
36702
90823
7601
34044
78402
50735
71299
82946
53215
57188
54835
51154
48398
16025
70266
182752
84041
46983
52446
18609
13673
56444
36231
80334
16686
38822
74533
41958
67721
55320
41290
47146
12452
15306
7622
101794
62715
69587
28172
80072
7802
1602290
51951
29744
70111
15390
22399
1274
64244
55757
13266
11382
28723
36024
42491
30159
6475
86580
85126
24874
26597
40690
46546
84721
81784
3353
37087
10583
2576011
5896426
7710
85225
4630
465881
23287
1857
47545
14993
5362
81859
39170
82319
21215
130825
62122
4181
41911
6279
69998
11608
1041
68204
52428
9816
13328
75874
1031918
68961
68674
65073
46113
75260
19985
83869
87158
136854
2916723
39796
12548
33022
63075
52813
39061
50150
44972
14327
47359
43628
18661
20218
96938
5270
74778
75355
20414
1112
59242
61935
41150
56735
43671
5112
33404
78712
64438
10761
1505
2496214
2447
27001
39474
6322
45255
12717
40793
628926
408731
4075
11204
79803
12830
365026
41433
858
19280
42595
18734
41042
532
22793
76938
25549
32128
4307
223229
68302
85215
34664
979140
9783
85694
29097
66650
2917328
74882
67498
188282
75813
4786
13917
6483
13195
28125
25919
626
219677
54389
76545
18114
29134
60277
168741
68136
44446
76520
58774
166258
41145
61894
81065
63559
67190
78551
65242
10352
75329
1029287
11720
44163
46124
2013333
77522
9126
70665
56170
3122
6277
27027
42084
84824
4600
7303
75036
65237
18335
5768
64178
4737
2822771
3145
26993
83349
57970
24101
16493
49268
36167
84466
75155
177253
15942
15634
12911
14035
119092
80308
43157
17580
1944399
98377
63446
28932
66145
60862
82636
39078
114325
49885
7737
1879
12382
328704
486956
75638
24503
48169
9207
133222
112812
31641
57813
39303
62602
64546
16909
81869
18102
52585
76093
39590
17573
73362
73129
20973
39010
68060
37997
55051
23166
66543
63245
61145
87875
80577
73309
27036
13388
43914
32802
1023220
74779
10319
55578
50193
485227
5608561
1026944
17598
2770
53505
61812
11965
1755547
79410
37845
63883
24992
46793
2836905
15125
79703
33719
3737
551363
74343
3126
72903
69979
21638
16028
45493
59107
71139
821
32119
35070
146621
615988
71622
3569
87353
5885417
28304
74912
20178
85719
49248
5239
50977
35615
76002
72747
6017993
74000
19670
38938
86009
84826
378328
671956
78586
85622
10722
11137
63903
50161
40906
31203
37604
47790
81882
30664
5341232
68175
22898
81510
66966
17123
24381
70876
47581
21914
42014
3642818
48495
122269
25875
490707
46061
71866
372450
6903913
25707
1376310
38230
6746
43733
21296
73343
34783
3927
20803
214989
14485
1224
12516
64659
78107
82338
77051
33373
60970
108371
72472
12149
85944
18680
53365
7464
1687584
63952
56307
36760
14248
31411
63274
59732
38354
47263
9727
17451
18891
80773
76385
2133005
984861
38366
67825
19016
57546
70932
34136
21225
17201
4599
51538
46491
1267189
56315
23564
1172
24089
38948
20840
80397
58005
19305
75900
48311
38331
19644
25117
26541
40502
44182
1711432
17367
51632
72233
78950
10568
20645
44137
87725
59213
13673
81156
56525
1034
49832
13852
86507
82758
14399
71795
20982
12149
15328
109
1027332
40920
83301
24672
84063
77329
47001
37588
21725
37375
6675
484322
3455747
84444
232836
62712
60061
9104
5577197
1023217
2018251
22896
4079
36019
41905
29492
19256
29709
85724
2694
54027
60803
20321
83486
21970
130601
27239
79597
123145
34562
65231
52438
70544
415727
73860
49167
65
3639093
26145
15804
69147
43018
4848272
61970
14852
87656
32230
33928
17707
42992
12530
84467
60820
44604
54977
52422
12513
170311
53367
69736
21635
55529
76567
27534
33162
87694
54316
71883
14235
71311
55547
30519
57280
59378
34162
518072
31319
69904
59063
44275
56552
72463
70586
82216
63047
76886
24631
41628
72140
53330
6099
26577
70301
57459
76645
7559
60637
106173
1335
53073
57276
2069
993938
2909732
7698
39030
67147
121838
71143
23858
21187
366793
17648
52376
47565
200029
2948
36382
5742
34081
47126
49650
30643
30838
81689
1250430
3399266
170729
56875
23990
62125
51373
53995
86225
60032
138007
27207
68739
108505
70430
43103
62552
44660
75436
2946331
5412
74792
38593
18156
8719393
925836
33478
45661
83587
66772
33664
7227
35587
18408
23696
1047510
45101
27113
44083
2921375
31767
47192
21646
80608
1901137
24075
715384
50291
36221
82378
43585
65416
65459
20242
8675
7714
66472
54868
26360
109868
81765
259168
61453
12105
74715
228727
37802
27192
48879
97696
398337
1827662
10723
50834
87262
46409
60075
1714636
53685
94540
39414
52596
48768
7304
637
969874
2057
8286
56552
59846
979667
46653
40477
64951
15093
2653
8329437
6710
57320
53205
258393
26810
393084
61292
8105
538375
71100
82065
57434
14470
72356
43910
40123
47990
52594
14948
70845
68470
79769
71760
57797
12899
47257
16506
63009
9356
82944
8809
48647
52746
49796
43945
1170966
46667
57860
36871
62285
77111
67213
67764
184
39730
66730
61704
84212
39771
7885
22874
45203
65487
32735
77673
6221
417313
72424
53136
9351
103327
36078
49550
73353
23889
61535
15083
62980
1981528
79249
50201
9008
62142
22129
114465
83989
75522
49382
73263
6219
71518
2806824
78542
13034
32897
80351
47643
7130
36932
36720
44378
64059
70807
66607
30360
45117
14501
8772
70649
13536
14920
4186
31267
11017
83721
45520
30793
4379
85250
56180
43077
18379
56908
50045
70472
8399
463732
28782
76225
69770
61616
903
134531
3078
147520
86747
31465
61956
1064
69041
67127
67527
544122
2622336
66894
38309
16172
33590
70356
20945
52170
73670
425224
22343
58974
78030
8729
2359
75660
12436
12331
34758
5801
43207
74568
9536
52097
80587
36932
17685
86473
43089
75438
1047304
44867
65895
77358
36200
357312
61405
30029
36571
2965325
66194
85357
52629
12750
44008
52501
4105930
53928
676
9607
124151
68349
66100
59370
67814
53196
41728
42301
296584
51106
61667
54251
1976
59354
15725
43677
336342
916862
40695
76433
85958
27085
16535
165749
43415
46721
46995
18557
34844
44101
70388
83911
11947
508291
66425
76770
58492
45770
9003
55776
84607
24653
26704
71432
42286
25129
21028
74596
28341
487812
96817
37936
71282
1992385
1403982
15858
66294
214062
87240
42755
46440
77561
65807
16355
20907
68270
25450
48916
43750
13579
68661
13605
62672
72091
54249
11813
84148
62718
69517
60997
18184
64732
55414
27657
48495
62772
4019
35339
28276
43832
83683
8816
60797
564
68980
17584
62371
2632084
85625
30807
2392
5945
12109
38711
24259
38978
34129
6817
17526
49672
10910
250226
12382
18703
1737179
72513
49983
19493
26757
39299
58396
80746
79334
85787
27112
24707
28723
53427
17655
3986
13742
3380
37947
69996
80433
9915
1225476
891589
49282
74927
82632
80229
74263
53039
17931
25196
1377993
70811
49335
27238
21612
80239
81060
2417
1687
29539
2073
68904
15355
92144
