21017
43083
5237
72028
39185
80009
46938
27521
129134
372475
53900
80138
46082
37354
73543
38628
23352
15192
18664
20786
59930
43716
82790
84256
76290
3873862
10247
53403
61355
36767
34739
28597
533161
79438
19572
51773
166488
23482
1492320
86859
37243
19491
2944210
43535
17351
19273
62989
47600
205611
74786
12834
32585
173804
41740
702482
58052
44872
57844
158991
69258
18441
7416
2467
8833
7000
160626
3067
12231
66372
64053
31449
26274
58585
2114247
78078
37874
49862
50848
27617
51121
2818
55100
61924
54
83659
53341
113730
87555
59184
58676
65678
69307
41631
79164
23452
21375
72690
50308
18317
67787
11281
183945
74860
40673
73777
76789
40514
84291
52004
5286178
6789
51857
190513
70274
59575
66252
85140
31831
44857
52886
37596
1244917
14776
65340
76536
1466424
77716
106683
29037
74007
38686
39242
16271
39543
29406
83991
27560
9745
69581
40941
118330
66747
36676
74671
3019107
23570
82742
15918
1615
27433
17346
192426
83603
5412
51912
8225962
23103
25909
7898
18782
68753
7454
40696
5688
51853
23767
786890
46790
9889
45312
30299
78006
165775
1006303
59644
13082
16231
15712
105262
48991
3471235
2023
31174
31517
69691
67266
51280
30710
9775
77045
82009
13277
64098
71847
12684
64812
14373
23575
35055
27033
13628
58887
85549
70502
54221
5097
2758714
48280
20068
66322
85339
29259
4357
49899
5901893
28284
1051462
27196
61519
987760
38236
58793
43736
48660
27506
62039
26853
72364
10843
1699297
3048
30499
61221
42235
33887
12394
1355
43893
63622
30310
35453
57923
60312
19220
81612
57383
374260
11718
441538
61292
24580
6227
2581057
52547
2238
52872
80653
149419
13034
203
376552
1707899
77437
54257
83793
108345
80330
126590
67974
10712
53587
57165
8271
3665
120400
77321
457934
56531
1501
6256
2779500
176676
60155
79560
63954
11175
25078
81639
14883
84998
4965740
21661
82710
16921
69277
45700
85009
76748
1815
86889
28073
22012
84018
49472
67550
20864
74426
65648
87691
82441
5800
75799
4404
403067
59364
32047
66683
9190
8662
59284
6723
41571
48142
3328471
6478
41091
79173
20560
132192
55522
26507
91331
5572333
16702
79997
74288
59000
6638
65593
49186
70348
54384
230901
122923
1676293
77013
4721
41347
19078
78409
77044
241
1350189
3462
108583
50050
59659
6524936
14471
40142
32418
1000500
18581
105018
52574
81680
83177
85814
21025
28259
58691
1832
13926
71214
1485
13895
60620
35473
81371
71205
24993
245066
11829
85588
34419
71508
1853536
4982808
1025741
173264
44231
54142
79832
78817
86376
123441
65602
45
7434
3106
33458
47679
1773
9981
5015456
6110
11841
14224
86454
27767
57973
70909
51095
6222
56639
48823
6946
34115
41222
48241
24582
61234
69458
4820
8661
67117
42744
1964
57116
53152
56205
988138
70540
65991
60508
73988
15148
83966
77307
12751
45788
59469
37963
44087
12684
72571
45590
40899
63790
46632
45088
85905
74253
76272
77281
45588
64045
174818
79620
36721
83454
56671
76862
1973638
41917
133498
33807
19339
38079
34563
65911
76586
2893632
53653
36530
82311
5224
1007382
27782
64716
77785
4111934
21921
76040
31078
63645
9472
3325
69245
11510
37964
48807
3426
29116
7507
82222
79793
2974904
59155
896245
84627
430148
70305
69717
64676
170480
5587
45931
56800
63809
30030
5741
23565
62064
5947913
14463
805
36457
65253
67737
50512
42001
4680
75882
71612
24464
55499
3406457
12759
5279
66020
66027
28404
37779
25245
12323
8864
67547
76833
45295
83039
51586
13536
33836
63413
61107
8623
40860
2998
63131
227728
62497
38019
24259
172423
73455
5986484
6059
28347
43102
68071
86491
52664
75433
60929
13568
63464
66123
84673
35479
11661
12872
72086
65838
74470
81757
6688
26266
36109
42384
41419
63137
5960481
46725
50584
24514
3213523
12258
74799
58895
64526
51942
40617
66865
81291
75215
3562
41591
72077
255201
63833
75592
149750
74304
15797
79507
133947
70756
51795
42260
34642
12314
33632
4962
30406
23539
12453
31957
64624
18981
53892
68694
144175
151189
68107
81092
36808
67584
5307348
15875
27788
74734
24633
26570
18947
16836
81691
20316
81427
481034
24919
24607
87125
69231
39360
65642
716100
167525
108065
41413
26601
24531
11695
30605
41634
73364
303999
81943
44339
75153
59201
72151
315667
69082
75927
933401
123774
25746
14756
2058
27400
18895
87089
37276
20654
4239
41956
85650
18882
33389
73198
2591435
8725
19819
180072
49358
67564
136072
11177
60407
67386
32349
238432
125972
3060
62925
26699
35237
153885
336681
41120
22680
81572
31763
24897
84674
8454
46065
59422
14517
891307
70234
65107
31559
20739
72261
45362
81402
1402566
64157
50382
16645
84895
53859
74310
78156
4732
40577
8440
30290
10424
16593
23334
17303
6151
12257
87546
3292820
32679
27308
61716
246950
6433
87169
103
1571886
6565358
1995441
57656
68617
32678
35342
84180
24464
60149
71812
33420
27832
449480
12991
30327
12874
59487
133
72126
569531
9077
34393
53189
45051
30639
55500
11965
45673
58180
1222
52602
22331
42936
44170
21619
41131
66598
45829
85297
61801
19333
12025
1027767
64587
72259
51185
466006
21050
67264
1690843
21777
23779
13064
2618921
12990
11939
26000
18881
15164
65280
3460781
76583
75764
84234
18322
47834
5603956
71816
60133
11814
1047843
76894
2137
45258
42002
54400
36921
43653
4134
76026
18330
37266
2772702
57966
449889
32298
23384
81620
1095
22727
4628
492912
11496
4406
8380
477227
14287
9956
86875
18166
12632
127351
76017
43563
46309
50763
1406293
522160
12011
14512
54648
3390
47187
34221
71925
63091
56431
61056
40655
62003
27955
15990
87214
87217
184627
1006052
67826
25093
5166
36656
59444
13519
4610
3027722
64544
31309
262554
70292
68177
4058444
34821
928
2038069
20298
80073
424549
554781
34701
45255
62194
455220
54870
83600
49413
54862
6951612
18549
54378
85711
4960196
537507
50328
78172
150461
1155
15742
10817
23165
86541
14028
3389
52959
55960
83772
50104
21150
8564
1027435
15910
28515
15903
36155
5895850
17373
66667
56132
3638
109881
66810
55949
86679
20338
79083
33936
4908
20534
37531
8721187
1666062
32983
79463
17289
5576298
4974
22567
62063
503113
2982271
74569
9341
58684
85842
65057
90409
3370
40746
8137
73654
85750
4716
45835
8787057
37124
203406
93416
36426
58829
37099
28911
59143
64389
47988
19724
370300
20963
44321
5537
1584
1371639
19068
5653
78039
79131
86375
6344
1869
103313
36150
2815293
83921
19278
45284
67620
3653491
25727
5983026
49577
55371
60687
53992
32803
316957
16022
58657
59132
52887
62442
13861
54767
41224
6490
17397
10890
83608
101817
65132
30835
55043
21669
27476
78043
4140
70765
24851
1203438
14618
66876
38224
1008248
85061
59968
188586
29043
32465
78135
86207
8307
86196
15122
3632383
65371
41732
62683
72558
58036
48700
77028
262039
55883
47589
72317
6074
70797
83948
21906
123001
340467
86110
6179
28609
2980
11943
22607
73911
70275
63620
506334
65675
9622
2945
85475
54516
326862
46662
28731
38229
51550
72131
25512
44633
31382
55844
84347
87487
38256
9689
44585
56849
46762
54734
9636
4929
85283
71587
252587
66952
20130
76543
60472
52615
86724
2174585
16906
75196
1751836
15853
79505
85355
173531
62987
31574
84588
1714
54613
78620
70177
12705
81013
19058
68556
554294
38307
423387
65684
10376
12987
58967
16288
3039405
82357
6276
57004
31524
59934
40316
60029
1780
31142
8414
70250
21358
66254
71746
14279
11608
8377
68097
70375
18156
32262
20341
67028
36371
75100
24544
50957
78115
59694
77961
39015
2604
63020
43101
8244999
21265
1369587
49148
747724
280455
48800
82666
48721
55122
317339
11209
3334
10164
58407
38719
488771
1986
74590
19032
101148
58510
34148
24370
1019693
41733
1519966
23674
151116
76785
48564
37153
1057
31644
26731
70840
22272
34850
5774
16896
44230
51351
46699
37274
53757
35631
47498
39911
71721
4518
14855
97405
32134
36334
331392
68921
57122
68369
28055
39189
132266
3871
82835
34896
16664
9177
76464
31765
40850
201336
10591
85909
42014
15460
82625
62649
10783
71453
169159
1392880
44819
17508
52448
18103
74072
18088
6571770
75905
2621
2135554
412891
34382
25024
51107
55444
8239638
69812
51345
85866
16220
87339
980814
18017
29499
52448
54050
69177
32973
65433
53526
15737
48503
111021
86124
71060
9799
62389
64132
20378
25405
73205
6872
14574
79748
54441
60074
81273
8047
26064
5328608
58002
53618
6611
39404
396087
85278
57631
57080
27995
86449
14860
80629
70009
82032
77261
2042159
48738
32080
18953
24287
38064
23533
83505
1926836
31228
75570
53678
74401
107444
29412
18104
270472
27890
138150
74931
60121
21010
25036
2826403
33026
60006
97407
77988
15034
980122
18356
67160
73505
29096
1577
55585
130528
6889
44745
64309
10118
150720
63204
83178
1025163
76985
93043
41676
69262
75984
86494
35208
22415
31185
2580849
77207
38408
2850813
85289
23172
60048
974349
49294
2848
49420
11855
2595274
33386
54445
6921
145735
41186
216889
71508
80314
80604
24351
42842
14864
31197
100551
56296
43626
19943
67973
566094
61314
39400
8976
13645
7383
23400
12311
45538
45784
86246
20576
53428
35368
75217
1724882
75145
60737
390772
52028
12678
51578
56055
23943
80855
24102
50883
11986
373
83612
59716
23030
80403
53701
44465
27071
74505
62074
4853
81456
42456
10760
70809
2083
57083
54600
80175
367402
17555
69661
34739
77594
16167
72315
74633
53616
30374
46498
31168
23706
61561
60519
57344
74800
69957
65250
71439
37192
799
84608
9166
27383
61734
49565
11040
400046
56393
16769
1018300
3053877
67857
23372
56003
11297
76975
1731846
53964
83792
2793042
69755
18608
36307
2520722
51279
58771
61653
41355
55279
12460
68664
22793
50968
11755
18952
77122
25255
43591
133083
14295
54768
23829
73033
691
40436
65409
14307
56202
20402
2788
146184
67312
45650
1116
13130
47194
76390
6805
22844
16658
974944
49078
67397
84122
10879
49967
49057
14150
313583
48117
46711
76803
83912
32248
79441
52925
70937
59794
44966
29403
42149
23341
10350
69846
17372
196250
68003
25629
45326
210966
59629
515642
5333
53990
63800
41092
19682
16699
37993
53402
30563
57457
48284
756
78690
4953
21260
37605
155882
71
53450
61923
78228
49636
289
48360
85354
7957
55191
243064
12946
47004
18519
66924
41984
46157
10157
49144
49536
33952
13767
40173
28943
8539
79773
13025
52718
77410
56232
3292634
78214
40833
50471
55604
505
3454
3644188
58999
82667
77379
2624
61220
76682
30828
76281
15056
24548
47827
80418
36030
11075
23083
2951
69669
27165
80847
9052
86815
16104
73726
15306
82757
25510
82436
79276
44234
603
81330
61241
23185
67243
2049910
67917
85343
15172
14076
58402
45109
76771
42813
19980
24044
22531
198529
49007
12934
44276
28204
31502
64374
28568
51654
2287
1826
10203
33181
69975
142231
18306
68862
139598
4113010
84023
40368
144
37180
52007
40042
31456
52498
20703
43415
21364
38983
46215
34601
86739
59927
36825
6897402
80430
373423
5376
2868101
51333
45461
3313
28970
57713
54738
50310
13752
15261
68971
7264
68322
42919
52573
17533
28195
67895
8495
382715
1002530
46022
62844
67096
942295
85896
78327
26526
195189
82925
84493
33770
77931
76079
46239
19569
60877
771
12657
62530
50759
24995
32807
49592
54582
38103
66344
176702
69355
75206
49364
52133
438726
76255
1816521
64533
20664
150129
44206
1168
44291
49063
62430
42801
74710
139716
21117
22568
20700
69182
30595
43728
143648
269173
87710
68280
7773
5018
65766
7860
51540
77762
28750
57814
63299
44548
1032776
76051
2507278
24268
387283
86363
25455
86537
23168
39772
59963
834003
16471
31634
80077
30415
20671
79157
75114
217689
77739
32747
28287
1665
154728
161925
68515
82818
35195
68830
17088
71958
4053792
77658
42750
28029
68610
85074
50462
3343
6946574
28679
28870
55742
981904
391916
71522
24379
65375
177956
84225
3660530
24147
6401
44224
28364
58530
8880
9479
86317
212604
25463
86284
6336
69546
37434
5495
25877
42585
62371
70279
44926
408834
21976
3055937
86061
5318
12328
86320
37299
78619
10750
9357
67438
11510
171726
107922
50163
1021494
10421
19236
57433
14117
28831
63049
71975
14959
57648
45176
32369
58546
22570
58004
49410
6559647
41602
51204
58527
442525
55882
54103
68471
83508
28399
85340
12157
32845
241861
471
76265
150947
46167
2808101
22204
49813
46696
65520
27528
79290
24888
30365
69512
86207
51131
42001
84785
76659
12319
23563
3545
19161
78766
11317
67945
12691
34998
55636
22989
4947
26143
4913
74301
52698
54068
23624
83282
19968
84133
22264
32371
124895
49633
109113
6005
354173
79446
21326
21980
46244
40336
10969
13069
77713
32480
77601
65970
64314
74165
43222
3495355
9456
21255
150291
80118
1054679
29905
26546
59140
8786
157227
42102
10106
74161
44146
71663
1122
11682
54569
16316
80456
13481
12569
114266
70911
62629
17920
29479
35858
69233
54624
21043
74016
33408
1151811
72483
51945
21512
19502
80342
43291
75484
14171
20278
78251
556731
5130
59909
16113
34064
84886
30304
1836
69886
364
382837
5306
73367
50136
64814
58280
48606
56844
30834
31358
81253
75801
87023
16266
78508
79341
3288
36350
77584
3579
26735
1579507
4788
72071
61275
59164
379261
3199
61944
13263
40909
52847
66755
35154
1978527
1481
60578
17240
17874
71922
5184
62742
4872086
25410
512239
37863
86037
7763
132701
43841
2542
3156
41245
50847
44521
53758
72785
81399
20813
13127
72456
51505
1321675
49108
45958
5467
41213
4158
12272
39633
25053
51184
80995
39723
290351
8385
81451
155573
25170
56915
61584
9849
81131
244
82342
41666
46526
8198946
39112
3413
10992
40864
56883
1739103
155685
507509
71425
73821
5899
8402
37985
20571
67139
78306
27535
14211
64535
428344
13595
8509
81960
84619
34381
8408
72613
36441
68566
1038348
85987
28834
13276
48359
15080
29653
170877
75425
31683
43058
42755
17426
71214
4765
981790
37027
611594
29525
46582
12809
19255
18040
11763
427584
42218
35643
88000
82046
7045
14068
72189
44454
9530
3233
25954
34972
68967
17518
74077
2579883
81090
74233
28282
19576
30455
14853
47196
5271
15013
2873721
3326
12140
68762
254392
73900
80750
73276
85721
49395
2561747
175026
141526
436750
77575
66600
7802
77023
23351
155211
48020
51638
35305
39948
87343
3234565
3001
19653
18263
36157
87413
52507
65839
87228
17294
42471
55785
2813626
502215
33347
73316
218
8610
54289
3181448
36902
430563
77079
16569
8394
2933401
34449
410127
4107894
44291
18380
18576
15309
65091
66881
59143
46029
11367
80480
21256
44427
43459
53142
9680
1506
42212
989472
65714
82627
74492
60419
60555
25226
50307
66439
53233
38520
9987
9583
57884
5451
27444
79656
5579
1785
37311
38955
79411
65188
66781
3569
7815
102445
60619
38035
49755
206249
51442
63077
52868
51655
50239
48189
35702
33311
415356
35501
82504
15844
20386
69890
84913
25219
330966
77311
31125
172122
28924
69045
1700713
51217
62310
42427
200404
973764
58646
2473966
62116
41019
25725
30092
51957
68888
32487
41955
39866
48538
81054
87961
3184
66365
12730
72256
74457
70873
7248
27217
608
69680
107867
3016654
31782
50435
87892
63868
638908
310826
1390090
56896
15282
47073
61869
26925
10390
509756
37924
8351
44187
24838
36991
45933
138690
50126
57562
30885
80375
238996
18432
151015
2353
31756
28341
44174
75579
2898264
55541
27713
82383
1947
48412
17742
2953672
67994
2041
2949890
8865
86988
448088
9998
1845
6946132
60229
48841
75377
7396
30438
1709
53777
62639
24022
65804
6433
9382
84537
2850331
56243
118768
94409
6083
29087
96233
51924
84407
17750
81449
51057
22410
1892203
245908
61233
22839
542691
48944
12825
81297
519100
38719
30743
36394
41539
81792
5352
37986
18933
5092
56292
34000
14460
8793428
209
77744
36969
438762
4101419
87665
86776
31411
242
599657
83908
34119
44475
41822
18341
72344
45202
62454
17904
76328
322161
32882
87078
31140
29135
3038
50117
70834
23690
55582
44896
111150
58346
38106
85652
14390
42958
16063
2413
75641
67508
40688
4399
28445
35255
73927
1290
78261
59124
65291
15253
82532
80171
68509
61750
15774
6249
60245
493589
44388
73056
8302346
54079
524127
64499
80512
22979
20760
5115
74962
125533
53376
34297
36552
80976
72247
8690
71625
24109
14069
73267
81502
37636
5665
44430
343490
12386
87731
85593
24475
33759
48219
28628
24614
6403
87453
46342
64460
38785
27690
12673
81986
3386
36896
22337
22495
12821
37738
64259
230662
11262
21805
54570
46015
44898
25054
41482
67062
83174
2747084
1988
55961
64361
73049
2580565
42049
177588
47851
4272
84349
15437
44529
84734
14300
86936
54127
54235
3359
10795
53527
51659
3332845
55047
11041
47878
54520
200779
104204
1358286
23207
6550675
63831
30768
27982
52848
438786
65623
78972
15886
62861
44866
24193
17801
1313012
67015
24718
87414
54118
75363
41187
34760
46356
56096
86664
18894
59606
86827
15684
56968
26129
47014
75739
65038
26610
16441
12623
74995
36868
55972
102411
2595824
3269
38857
1019118
2619471
32720
3032428
39806
13737
10392
27113
42220
79765
12631
35585
283480
82116
81810
37302
2687
40838
73536
27826
43363
926894
70476
32623
55763
405143
40656
5601
82126
54922
81439
3920
79588
87879
76450
78656
55810
85337
18460
42406
374174
72870
720
4847
78996
42563
58661
27611
52994
73025
36766
40767
378
6025
52994
77652
29149
41274
7787
8290
24108
7550
9737
57252
36634
59628
16992
69487
5885
9769
7861
24717
50662
57319
9004
7108
23140
44152
27636
1107
78703
34158
41902
20655
65442
16329
67158
17654
60243
49125
69265
106079
70324
28681
40680
46903
33130
31062
61180
67511
2471099
23239
55319
3132
41152
10565
29597
14724
48100
59402
15668
47242
43703
50166
2582858
45565
20269
70353
45433
14711
318756
1798789
1581233
16833
8886
17332
11199
1929528
11048
85729
6062537
78084
51879
2050
48293
83127
20767
59332
5598421
3327
61927
35470
54526
8196093
42643
165721
28546
66632
6860
52185
5428
13938
42615
34489
66351
74131
48796
25067
69192
80457
87435
6115
33453
15682
4501
29363
471529
19105
35491
80230
45254
83909
72251
78401
45483
794470
69429
3329861
58864
9500
16941
20928
55733
42904
4839
35931
102741
77827
6993
215032
25974
58384
702979
38870
366
82791
32519
73116
35211
3888979
4058
86455
49145
57774
63465
40366
43036
10864
40435
61590
60790
63079
18361
46642
42652
87162
62128
81041
40303
58642
48787
35414
67156
7856
207629
22860
5826330
928022
63995
53894
40895
86478
84666
49255
74067
27535
62300
82034
35249
16161
12715
48061
6076
12185
29772
6027
61782
74887
4092349
27225
29892
61989
46814
306228
73909
52835
28463
95818
54119
62930
45237
66663
46999
49984
43569
45704
155297
67321
79912
56942
13374
943422
85192
1016035
26776
14247
21624
2991251
76313
71289
75046
779779
4890757
33481
77425
41278
39022
58501
10928
68781
50910
15610
56694
238416
79909
30350
40753
47039
55676
44101
9472
7187
38772
69509
17824
4703
68522
21544
45307
10590
22649
66569
12538
108289
67458
58999
19646
13270
1573
20600
10952
18675
62810
57851
72656
40830
3169
26998
14079
23455
82621
29036
84432
83688
68018
49249
6607
63490
72438
20164
18946
21168
82956
60007
48915
39159
84200
53923
2527
120
64005
14010
17466
18638
12314
80147
39529
19556
81697
975624
4873011
38672
26655
44742
64191
68289
85626
16791
85458
28477
58741
71972
185913
41342
41388
43062
11427
65999
32186
19522
8548
63661
20427
3511980
82528
44889
33167
25829
74063
59541
61201
29388
148108
7024
39616
32760
22586
8089
32235
67503
82443
63919
27094
58309
1292333
67397
66332
29336
97993
20499
19527
53451
76414
62553
8350184
26975
83739
22779
1193238
68863
45244
74183
54479
48899
2046109
10483
42909
63658
387902
32391
82722
28080
81229
1109
9375
70059
74717
1529
20390
19038
6041742
19767
24663
27291
45098
45569
3192976
59236
594
594085
63586
34119
860266
86610
3375
69430
812
46346
14195
23700
56695
1823933
12192
892494
12778
948665
67327
83817
35115
128661
70169
35620
69758
84231
243338
318716
140787
964
18182
30663
77630
86242
74168
60528
62591
223595
16541
76591
691
23276
33654
74423
84205
17176
59054
73431
661325
79121
33168
22997
45965
73450
22329
17909
26204
206160
79097
22342
59558
76351
54959
146061
43395
57708
22376
31206
19816
84702
70059
78426
24982
26765
66925
71461
30964
38149
36714
37845
55888
110443
445262
37830
29993
41565
8405
16131
468321
21629
50541
38118
46816
1173
5804
76641
49786
55277
58714
55552
15762
563362
4120731
37820
2540290
41999
15311
86122
49978
4025
4642
78293
74185
10466
12112
14557
83278
70567
18316
23490
132996
4068953
13523
66738
28244
38653
14715
52127
27971
71689
82289
3334
199874
62811
70409
837525
2020108
22499
43264
361
41729
84736
31378
76033
11789
9217
25587
83469
13142
13055
57324
20147
79410
25801
11184
78152
43295
1321
73176
62332
42011
170361
47429
26997
77317
35491
77868
73365
983785
14891
62086
16459
69895
57595
40395
66338
26236
35934
57167
46080
6936
41761
10205
48969
66863
84188
40373
38946
55065
187862
1719478
1439707
79112
70110
59068
54672
51417
30539
20758
69199
46626
62177
25606
30775
80847
303015
67811
64282
108
29350
26044
45598
62901
49233
17820
41091
119661
265174
83311
38160
69952
41128
174388
49297
53807
80193
30287
39863
47452
28049
54882
83602
1042710
17460
2594983
16212
10711
78855
26613
33932
5443
14411
23327
23348
2429
44279
86665
4227
18972
1959
32783
4397
72170
12941
54346
64028
49538
55804
77785
6273
66818
208590
38320
65732
77271
52843
32319
85881
79995
16868
50262
1783
84806
65016
39055
47282
48475
78272
64596
44931
86928
20348
136909
8761
8978
60889
72756
15472
19439
15169
36556
11239
10978
72246
77165
8690
42277
80411
71856
60681
37883
4751
74561
87684
19037
86674
4931806
4662
36811
54862
61418
116155
18706
71728
77815
77280
60133
2668578
2988405
21357
156042
67427
69205
59570
35002
42003
80521
11850
50831
45545
63705
993930
59831
2198
6035392
61463
161189
51004
38416
53164
199413
76629
74692
24355
20441
14779
23472
369733
46216
64193
1356
8772
29972
47413
257206
51104
23186
274385
58031
16081
10055
11898
77172
14281
21168
388287
37804
63668
16964
31977
23139
33312
57736
85270
41765
2680365
2610
11970
52971
47274
583642
52718
21501
10600
78036
523067
34661
4642
454725
36107
86872
33296
87571
65928
45807
86786
23124
59143
37254
36845
31507
85758
26040
81124
30721
5891899
2880
179411
87381
32937
39536
4844661
46499
9821
14709
36139
251044
73878
33267
429394
26674
62782
65505
72067
40295
60258
33533
5367336
248
28144
81220
21668
85842
21668
15564
49601
5449
87809
60559
82820
79973
16618
63863
15286
67991
65974
35201
67239
319979
19008
76238
82041
52328
43528
366937
31809
74545
404321
7808
25712
80073
40970
59609
38496
21051
24608
19745
37617
87371
74376
1715626
19878
31663
30058
64759
616
878902
74495
261966
31394
6227
1633
41633
3010870
12559
71698
56594
1570759
16011
60813
33433
1673
39343
1048770
60309
67771
1008239
63168
39705
73586
77859
55931
59903
87499
59192
514206
50193
61318
16843
36084
50806
11938
67046
8663
17599
20667
62877
11664
39365
685
1055570
48043
2155453
14160
44346
58280
17658
6752
43810
27150
52365
990710
133974
32596
79584
58127
60909
16835
10211
66739
32253
2595477
2590628
83864
39276
36661
65472
53358
35637
31091
50891
82
13050
217064
6200
27028
36375
78770
53489
80148
15774
29706
62521
41445
70198
249586
62268
36496
7143
60180
7426
2920
27238
33246
2667652
12999
38566
52501
8781154
1491
34432
39196
7038
35046
45630
15829
41104
24776
62376
8704
72273
15382
50582
21873
354
73824
86454
72392
32177
61787
57669
30020
19606
34087
25406
26699
13278
85943
68800
77371
43483
156143
225125
53743
938471
28485
71472
165994
54414
57553
55829
53301
402399
67533
5600
33705
38655
64319
30156
14556
23363
21365
40228
35259
77436
43818
73893
74388
30053
69822
68245
27913
84250
3031
453
32746
173817
2940540
837
36173
46088
19407
5190
78841
9055
22880
49611
56240
70704
75143
25410
53935
57310
22921
10118
47127
68934
73705
63154
26739
6019073
82563
3208
22966
17973
2903
46133
44448
20788
81862
46141
34471
81860
21302
37506
64698
74199
39265
204587
7665
32495
52554
39712
41525
85242
47582
56968
38160
608131
44926
2986258
25881
36391
10551
79604
24400
21098
71406
42202
64104
33689
78053
82486
126753
62891
30850
42990
40943
64165
81866
77647
13371
25790
49882
30651
61331
87443
79862
19654
17648
17201
82680
66347
48743
54280
931
2985356
38582
68813
11497
54342
55450
58606
38094
22431
50602
65585
1394325
8784
52880
22766
62841
20355
10821
75857
71729
64512
17350
14026
80648
20182
3982
19226
27665
1645620
57014
70126
11304
18429
4727
5650
42425
69939
69905
981811
80754
103342
35595
2997703
8755709
46905
73917
9579
58138
62041
3345506
64462
32656
23478
35230
36071
15017
81678
38885
84022
31939
58208
26599
73602
5692
44738
12590
56930
7036
20988
3414467
5846
33695
62373
26006
63366
15782
77053
55689
2277
73788
36016
67297
5092
71257
77435
247031
80715
160791
63293
29004
504
63210
9478
79711
26656
64584
65984
44967
30367
74911
1523
7193
25210
73481
17003
17298
69573
68154
45221
64255
2615
62827
43379
27620
47509
77597
14026
50743
45028
34253
84546
4276
9156
391922
14242
321055
15939
34695
45727
75843
80027
510369
36094
41096
15947
29696
53855
86223
37717
420421
56070
123258
47037
21285
18438
9160
3913409
50308
395646
52999
84345
77517
51110
1637332
75918
77890
71193
209986
79431
23569
57593
60199
59265
59703
74041
83413
1450198
1602
144948
63067
81766
20292
4546
469281
37941
28197
198
32056
5125
39646
25315
64618
225704
38166
24502
74541
56799
60975
61513
74989
129165
16417
66515
543002
266
80931
1882212
140341
46857
5846102
35108
226153
4640
60894
55159
54920
86007
43652
70685
66910
24843
1684484
167319
30808
15910
119406
37032
37529
77396
81599
56479
64961
662048
25784
37011
8923
37737
63915
1042573
3179
2424
6168
43358
67063
32775
25459
5842
1949726
75685
34850
38480
99584
32164
1769871
26014
55766
37509
154986
2960
5077
5904602
53975
10220
24646
2844594
5828313
82057
5326
81797
64643
12410
33823
602444
6840
11258
65580
41750
30060
63452
408208
75952
985039
51487
133016
66595
10228
2115500
8172
489562
53347
2991868
44269
98281
79630
18117
342877
1708
69657
46722
42339
2823
3811
525432
39382
60586
25588
11378
75837
34359
58415
55826
57764
31822
85608
21084
61485
5938
3113
78328
11743
60630
17682
31441
74621
2819476
49376
252465
67987
53058
15206
31204
29995
74239
61381
24956
21276
24187
64347
5184
60961
30664
66078
67056
1000515
55093
70211
529818
67855
86541
16324
24923
1050398
71267
8949
12421
45128
8314999
597187
9121
41065
169053
16466
55529
324203
86193
67897
73735
18652
75250
26379
4066955
29353
4027
22297
78652
13419
210106
81043
43168
69666
49641
86857
68435
78442
85896
30742
52060
81922
39724
18346
20457
51782
87337
51874
52514
1055012
72399
94292
72497
60245
36479
32404
28492
64350
79230
16765
1830946
61507
69197
21473
2918297
8489
46259
90064
5323296
63292
2671
87261
148066
67575
54652
19941
460941
9777
542511
84212
20055
11301
42569
318784
45053
5499
35045
31234
29172
63149
9082
48906
51892
75174
94227
64995
186630
70427
41066
168759
83789
85184
19522
782
12175
8782
31494
2455
69884
3562
33039
11242
48807
240040
22561
45781
61510
18307
19141
6704
82584
3644
34276
87176
82766
75795
14384
12864
44365
55751
38819
972017
31604
77123
64491
7170
20888
2474
82213
11180
60082
56142
10289
68151
75960
423017
3670853
53070
51157
76007
56539
978770
77650
37036
51578
50949
78538
486017
98736
76136
82403
1262286
78662
37617
36834
64640
512376
33973
60066
1158
24940
14922
79009
1205376
79190
75944
490142
49260
26075
27757
42184
71307
17190
83269
42436
31652
22491
87536
8338011
161941
53071
318326
17355
32775
19156
81843
16565
15896
32148
13927
79628
719
9658
92897
10529
1449
72993
70829
29546
19821
69886
74731
42722
66825
60228
42164
85617
45511
47041
35420
64715
26498
68471
13667
2929545
44354
2904270
36156
2594050
81330
1960198
14488
23487
22489
75588
75370
8283
67388
1043522
44125
87555
17484
41873
47441
33941
17058
29195
79767
2615
82887
73688
9231
2041547
36424
21224
74115
81965
77430
71322
1644121
499039
42494
87223
28623
43697
40811
1660670
41279
86571
109971
82452
41986
32048
49598
19627
65172
40699
57915
22603
21307
2718
43578
14497
59316
49598
56178
24905
8220
23631
63808
5317
68515
23182
87175
34125
74770
16835
55916
4269
71331
79061
22415
58507
24832
14736
68958
73122
1460911
8909
33505
58497
70992
46644
41052
44558
79749
5560880
71881
6897722
223180
12830
8430
43322
37710
5513
1965822
63694
251129
72020
48860
38268
22717
55753
59851
66132
63057
69618
46289
84896
56469
29685
43281
14880
2325
71772
79448
37621
81345
42839
158325
79867
125170
86868
19310
69993
65204
2792494
43168
5344
77700
53772
63959
17858
33476
50545
4864900
1681061
46354
60245
41612
52028
16840
17596
4955
71023
44075
15066
44368
15693
80500
58628
58143
12212
65686
46774
54371
68533
6333
67137
69291
596902
76887
14704
77646
135369
3915860
75839
17106
39061
34596
48206
87268
75839
3381524
38866
26300
81897
43986
62467
43173
49479
69940
28857
6351
58347
68770
81272
43930
38987
63188
2777017
65371
21735
17587
66173
50352
87835
73685
27399
74687
12543
28261
80073
57108
79487
54228
40835
54847
67276
18313
82369
37842
41263
24713
27448
59478
154338
61672
27497
64086
33162
707
75999
52248
83694
16343
51842
23379
80691
9496
18943
73452
59412
16340
2156
27340
6070
13069
112787
8356170
69117
53051
32872
155182
46820
22027
76228
47671
1973412
52044
52834
1703746
87485
57354
71062
87509
12227
1270536
31061
63472
6864
32021
57468
86449
25797
43984
3540
62654
84256
44685
26247
77008
51534
12148
1222382
22181
19271
65245
45312
47146
158578
17734
1984877
42114
30163
25532
57349
56989
47701
85572
33450
34086
78894
31004
163199
87238
43908
44773
44569
26974
8625
5345
56781
5330
353053
5682
1682
70697
68139
68462
63393
64978
14389
9099
17254
30829
68103
70835
14623
2666571
79380
59229
108225
51890
24735
67196
56783
59926
69289
35159
26393
4256
39286
53883
50662
50630
1986799
21542
85602
36529
71494
46754
75913
14351
39502
36067
84527
31040
25255
86256
4648
762356
18310
56954
437549
48915
79463
23629
51592
13141
78358
43802
432304
27986
81283
73453
43764
31880
3887858
84229
37231
32582
18202
8345
418734
35490
22442
39561
62784
52154
73513
24273
2717057
45700
41238
85139
3491232
49287
6808
73236
18208
65356
83998
62862
87632
21856
83665
28821
37704
171102
3239376
45665
89370
24431
26451
41526
1040971
46173
71626
38457
32724
39357
2899914
66489
22185
27177
49216
8640
27935
47121
67075
64422
11409
6070
76099
10895
28073
57674
16664
56073
24101
60542
49527
76034
34359
49850
48644
46703
87897
45529
6782
41614
72367
60497
31008
58195
34547
3373761
991364
67042
124499
3231
29917
30498
5061
31062
34160
201101
3049057
8100
34886
47588
82251
61840
29558
68415
61811
87915
11200
52091
54698
24922
43192
36875
40484
10178
30377
6280
33072
866
54413
68767
13359
968840
32724
417023
6889
36305
46996
27244
7142
63063
51136
2926
9823
21625
26223
63692
49882
65223
31584
465720
82627
66247
43387
38512
260549
51756
1622
26570
58117
69475
16604
83489
18161
54139
53087
41351
59330
78735
59052
67342
4947
74026
67731
52532
52420
38285
58655
81208
36043
36401
78579
40617
58785
36188
82731
9627
53176
200526
27500
55499
15898
44135
218
73815
87747
42687
68660
123122
80031
71686
54455
52608
26046
7484
66028
27224
80234
356462
8380
51522
83673
26823
27134
6819
21104
17545
64059
77357
1692006
74437
51138
64592
1311
72590
22068
86852
80694
8522
15195
44958
84091
61057
10096
40956
79832
46283
65937
21466
25125
4259
15639
72835
50079
86632
524461
79149
9410
25325
80168
48196
62014
43231
31791
27236
6931
23861
45730
4789
78071
1242
64060
10995
73421
